100
41952 36276 12967 94375 10956 93285 14225 38964 43928 95507 73792 65952 20257 68314 31117 24647 55814 7736 89607 81969 37196 32437 93956 33091 31589 16729 77178 36511 69720 39732 92907 90485 12230 66766 43902 53850 46615 5918 46487 16109 49639 11368 53215 48248 37599 51239 16004 51148 35521 64633 97580 41259 86112 45514 86636 58148 66706 2051 86517 44527 26785 35280 97767 58814 99588 21691 17513 30598 16029 81952 62099 22988 34724 85275 72120 18681 83324 9501 54784 4572 54860 65581 20843 10730 7558 17932 5981 11580 37703 61147 72040 14107 21163 99988 8038 59658 40533 95433 34374 45139
37984 34028 51887 33502 63515 75026 87050 93988 45958 28993 32795 6116 11155 26078 55966 3286 85756 68082 82516 44559 34847 56103 12880 85040 64195 70069 27326 43059 82868 89061 64729 50893 39437 22074 16188 7801 31891 52613 29281 15253 8961 50898 53284 39117 94638 66671 96110 81131 25228 68721 89737 17885 72 31181 84461 44812 2756 25361 1201 92550 80410 35301 81716 87757 67523 33094 1620 11384 48768 463 9181 90780 65822 46718 7518 59782 66227 46309 69495 6061 76732 18683 35811 53463 74775 97656 53978 38915 56432 41740 10914 52254 39238 14278 48878 62915 77266 96289 1672 4741
69435 80404 99922 3864 97444 57845 69712 35719 70304 15424 45704 98854 29294 1166 73392 31202 83887 88253 89973 85230 80708 81062 87055 24601 14475 43418 48953 42699 85176 10636 70913 79726 15820 60392 61907 6916 77328 63186 18134 99048 75651 50907 20288 23004 49495 50241 63570 41531 76280 91267 53927 36431 72155 2321 80368 36366 42262 17221 87470 3148 55258847 56103 12880 85040 64195 70069 27326 43059 82868 89061 64729 50893 39437 22074 16188 7801 31891 52613 29281 15253 8961 50898 53284 39117 94638 66671 96110 81131 25228 68721 89737 17885 72 31181 84461 44812 2756 25361 1201 92550 80410 35301 81716 87757 67523 33094 1620 11384 48768 463 9181 90780 65822 46718 7518 59782 66227 46309 69495 6061 76732 18683 35811 53463 74775 97656 53978 38915 56432 41740 10914 52254 39238 14278 48878 62915 77266 96289 1672 4741
69435 80404 99922 3864 97444 57845 69712 35719 70304 15424 45704 98854 29294 1166 73392 31202 83887 88253 89973 85230 80708 81062 87055 24601 14475 43418 48953 42699 85176 10636 70913 79726 15820 60392 61907 6916 77328 63186 18134 99048 75651 50907 20288 23004 49495 50241 63570 41531 76280 91267 53927 36431 72155 2321 80368 36366 42262 17221 87470 3148 55258 96547 26764 39239 40057 83939 51616 47374 92733 87675 28887 78054 21247 44534 87091 6491 89712 30897 37917 13318 10173 86533 5522 57472 12140 21167 66478 55714 82251 91388 91771 79856 21009 42064 74539 63399 26922 82366 38509 72834
75396 14359 27232 44172 31229 528 76911 77593 23083 80862 10416 15604 93163 57395 63964 89301 7475 17088 81500 11381 91697 67922 104 82394 92244 29342 67672 48219 78917 2757 14837 55027 23340 49608 76729 48016 52297 73899 87032 11278 85235 13935 17956 13414 30675 34125 65801 85974 23298 37139 78960 48553 62514 55214 1348 40257 96576 27851 61846 81345 4029 20379 6560 83386 99140 43393 98779 70622 11021 6907 1616 95394 75963 67649 438 60870 56605 13784 9921 63885 76973 77187 91062 22376 62225 64384 90189 89523 41281 53020 78969 39236 64679 26225 92797 84284 28415 47365 31178 55011
58608 41506 18290 52785 42673 26288 13165 73651 15058 38223 54732 3747 81131 70251 66166 91609 71994 31981 95651 99650 99640 82822 32051 56867 45095 16571 87708 57626 35830 29878 98480 20395 91700 87423 23738 11349 80667 10467 75117 74508 43690 6538 34580 35266 26670 65372 4550 64463 15394 64385 5819 60253 10037 30370 13574 73055 45816 94221 61636 84313 21955 70354 45564 75217 65408 69713 54448 26982 74611 71079 58464 5230 35270 55692 89720 60247 15147 11913 40143 35400 77192 75443 33988 79506 87073 45250 76721 99483 79199 69509 97796 10362 44721 91141 16524 7082 39161 63107 53994 50611
79455 85663 70268 76613 67517 6618 51895 6849 70554 62975 57479 50151 19137 86485 76379 94276 75611 75271 20251 8738 87017 30721 56116 16631 5155 40807 70169 65079 73137 53607 58509 97281 4048 48074 4912 7015 84389 68232 48464 89301 1474 9898 83879 6626 12523 64412 69456 59353 2596 50336 5162 61527 59390 92757 53026 96762 2028 34503 956 52455 55476 25445 3116 96241 71277 45072 34569 3586 55844 76226 50727 37445 7505 6033 67821 1821 86854 95188 38556 6933 39517 12398 9730 62895 34884 93422 93411 60981 6794 37983 6769 25445 64615 56623 40066 381 38064 70692 18896 46816 9231 9777 90360 1773 24511 29959 160 19036 72433 58537 62219 57332 76529 35603 4044 62733 72515 72253 53196 18180 78913 15516 26365 60906 83093 23353 28667 54534 24646 93303 37209 59047 55500 83043 61248 49034 30792 92200 88147 64205 25411 89445 66653 2215 73754 61141 33450 49732 81610 73065 34356 84268 2557 9963 84968 80355 30506 92186 60758 90592 13256 28380 58676
13572 19830 86160 8247 51500 20094 37962 67248 45307 14574 96813 36429 28684 18407 6955 13679 51874 23360 88301 50505 64804 43049 58173 27260 98295 41571 19107 84516 6904 92305 7131 20330 67745 18663 3981 1591 70019 82587 60862 69890 65134 28145 19766 32482 81082 10771 89157 6104 85854 99250 51292 75162 13698 62641 90044 46185 15215 45245 63101 2285 44430 5021 93820 5158 90440 39663 22363 14860 55796 84209 75775 25309 13422 79162 9441 21011 30310 24583 70402 91624 91591 90995 4182 31556 82786 79011 50034 82326 48983 4829 15720 40321 71822 1365 93623 37744 54747 60670 20711 28365
71482 97991 62409 54709 71159 68438 44477 99158 51033 20062 84663 86680 22420 78715 89595 9390 54306 56840 21353 67152 12731 88230 67482 50625 16200 99843 80956 70709 42993 95760 80457 43776 66703 11449 52119 15441 80291 2261 65662 89114 50991 90758 84635 25018 61093 15130 10955 95701 41799 97837 81418 11709 75877 23731 45421 88098 96805 69236 62563 7837 64726 17697 19828 128 29290 22914 69106 42337 56476 71572 70282 41327 64948 32877 96057 49388 51216 68994 51120 31832 26704 61855 53416 3120 13013 93002 67292 2617 51846 13 93942 64930 50005 85984 90883 47061 26337 32169 57896 22894
27439 95903 52524 45969 72559 78198 67896 62967 91868 30004 12636 82895 32878 7315 56119 70629 36253 74475 46870 38692 32960 66303 31396 12319 15760 5266 72415 21078 29241 50726 84565 45789 37997 41244 93840 40800 45120 43588 20584 5329 67402 57252 64076 71098 29195 63921 38049 66214 12916 68550 67217 13800 75240 32492 12071 23776 3555 99994 78 73448 61420 52582 41589 32967 46814 50052 60300 96924 73927 31594 57943 10691 43229 5515 80591 75181 79438 80679 51666 8948 69978 31467 99656 11620 41867 22190 47336 11301 29749 42357 18238 25614 34190 25007 53097 69448 28822 81175 7036 55544
16315 59842 23363 7208 59858 4080 36829 84706 75920 79464 13337 70744 57065 43955 40742 46533 61871 68162 90421 23568 94644 8624 49826 7238 43727 86952 32952 13763 85376 19287 17189 84003 7635 14979 33758 10314 76190 17434 4675 44129 83015 46210 2285 41262 9485 40393 91068 7989 99523 28500 16856 90519 27619 2961 1792 33976 87881 70651 2914 49297 89499 87866 7642 84024 24417 60529 45891 35258 49662 71284 27144 99696 163 55480 35269 10707 96402 59733 2629 88422 17786 64149 2471 56976 3086 98796 13484 92346 72776 9333 5362 46244 41309 15711 74998 33465 19681 52854 51441 57968
51301 52839 41098 74202 98754 95647 36373 17074 50458 93008 37515 44807 83049 504 89058 39725 15214 19660 34158 7800 48105 83276 9451 86870 33169 55607 62582 27203 29130 98587 58264 58090 91319 6030 94218 61212 57367 71607 94924 56548 44082 57545 51942 441 86230 5790 69372 14234 73302 8458 21649 31785 97305 65812 77222 75761 19317 57477 90492 84696 11998 33750 69224 74561 25120 65985 4986 89819 24240 68355 18860 13922 57033 8811 80005 30570 59915 56343 3053 30504 35571 23822 40022 73945 10211 35611 7396 21945 47638 86997 97850 9200 31600 58946 53180 79395 38150 14929 93488 79062
14249 43521 89914 89424 75444 65279 92345 44069 71175 30813 40055 26489 20352 94381 12007 65597 43754 12024 75259 84512 46618 44420 18156 49467 81026 14166 69856 53744 19206 3736 48966 40672 80129 96475 67971 84852 88712 14307 42198 25172 58525 6228 50351 74522 66734 89721 12003 85947 19220 51939 70090 68706 27599 71894 44006 13043 59789 22730 14282 57279 70303 46650 81180 60341 54492 74550 91712 94269 59559 76412 5466 56440 34412 61606 22284 30849 68513 57761 621 58383 84540 43650 29739 23085 28508 34891 55733 8638 21111 60456 45660 5736 23636 4374 81840 22375 50500 49131 25432 57060
77530 97262 56884 72656 54732 24714 30633 18766 8956 9495 99708 87531 19147 48808 61404 28619 77123 68191 2483 56257 91729 70341 72695 40045 5970 84363 81952 63554 47097 14646 71923 82054 5777 72889 5423 63421 85040 71804 80037 19082 73772 95423 87745 1208 86640 86103 62740 84139 30508 25900 47367 60410 94841 90945 118 67190 48914 55624 28755 95443 81099 28637 29651 41499 99936 96861 52753 95447 19414 7985 48765 62198 39234 41379 30419 44343 1436 88068 88113 24851 61145 3109 88541 54139 21432 69354 11131 76425 34423 18079 83594 95819 73579 74981 39353 91750 92556 65955 69474 29631
57134 34028 63530 67298 44986 29646 22189 90023 79555 3112 24526 26328 51402 17860 93416 32476 2657 60107 26532 30236 2647 44110 32205 16739 58354 5766 2391 90955 83623 31382 5692 36067 62539 96971 60010 96514 82665 21683 20951 1909 30065 13501 13804 16618 26396 28939 29195 46997 13254 61194 94529 64936 98616 85983 69002 68457 3145 8504 14589 17508 60832 13661 89441 28047 34749 48588 7288 41413 94174 13519 42508 56447 74708 87676 95433 43789 82917 83563 35762 28128 6163 90712 23791 1223 52381 84409 52063 61660 88312 75848 67373 55090 46523 47613 79954 75935 15357 40590 5697 1082
9433 57641 62701 26187 42011 91756 91480 58015 64845 8679 14272 33804 56757 58434 99765 85535 13241 6745 54348 7851 88172 84318 37068 16581 87823 76844 85335 22821 2699 24550 4876 86414 60051 32236 99461 86827 5089 87713 98060 10070 85706 62873 97570 50141 59705 47787 66840 13711 58574 54532 58769 55642 40408 20933 24706 88904 30949 83961 4301 99213 14544 54565 22232 66440 524 96592 99939 47245 26804 16519 66943 87845 89868 4547 60415 34657 36592 79152 63958 36022 21653 6245 56250 58625 24393 68555 63287 95788 51020 59804 92894 70834 71732 13767 1284 75012 81688 30263 2005 58667
56096 82416 45335 94524 64080 31867 89338 97386 81785 24183 76722 20488 12496 13968 85748 15821 52519 31547 80741 1266 91211 98534 11513 11600 84932 86669 2905 35051 4366 35179 43070 86278 72171 38474 28785 7451 12301 37842 57592 18803 27328 24573 60459 18282 80219 35970 83814 37103 73472 69114 74626 99631 47051 85318 14854 45221 12493 53034 81447 48609 40932 99249 8428 85308 60519 27071 26849 41994 947 51405 82930 50944 51754 43606 93099 21175 86420 40210 59888 16860 82652 68004 3087 31925 80764 17485 48208 51803 66030 77151 3455 48767 90396 78456 20592 57039 75855 83182 6943 95000
35102 29323 15456 51170 87347 74082 15482 26698 35428 90509 67951 63626 96407 7573 13329 3459 55498 15599 56802 99589 964 82388 85760 66603 16159 90975 58229 68271 91399 40045 93645 88498 40785 82608 89369 56583 343 9122 29308 24148 18597 45021 39474 59081 8678 83145 50655 51943 32656 10595 99935 13174 46143 46221 10616 59898 87133 52202 63289 30720 41 37764 37757 61740 99928 86995 20149 40502 92702 97718 58067 52869 61266 25135 80215 96942 11799 80424 52795 4932 98779 4109 78556 48859 86809 99637 73613 81113 59074 72446 2637 50962 75834 27978 23550 60402 2370 8135 14225 39227
60637 42297 7374 91240 40334 79792 70396 95939 9926 93971 67738 32551 51416 15017 52398 60379 21531 27009 96601 86850 43418 41535 89811 94998 6163 40627 94550 63401 23432 3710 94732 50933 2384 19981 43126 58612 50908 653 9362 23863 98815 29189 2360 68437 30931 60050 12209 15315 78985 23559 24612 43262 39282 23422 82697 21743 59660 63827 78982 9873 67773 41348 70494 56365 20058 76046 91546 87606 94992 84821 9813 33266 54708 49664 254 47766 21980 9382 93691 85329 88399 54906 93852 28228 74490 89386 85562 59258 46004 34688 62599 93522 55763 44602 18483 13827 52622 79302 3492 81161
29073 35942 50628 7692 93854 28113 82633 10449 82371 18155 44463 2224 30011 53557 13145 71676 63175 7781 58094 97714 40415 59048 31745 76897 97660 20975 61326 92801 83711 54556 42799 28169 16254 68040 14439 82879 70837 97066 65890 35591 58734 84755 63974 12113 81246 64449 86816 80553 1351 45754 9774 65372 90322 61641 60743 44363 37366 37947 46946 42227 98295 39530 94960 74802 47867 53320 94229 60987 62259 11075 88309 89730 88237 38760 23058 4566 26502 66382 12759 96911 77513 35717 63372 62301 42313 65412 29006 15601 26883 3275 10661 52662 52009 71615 9259 43289 41712 80329 17106 35713
6522 88334 66066 35960 3043 47109 40245 22082 72566 63766 10259 46270 94688 27975 63709 17500 8523 27883 28306 66255 1859 1056 35694 67179 95593 83399 50778 52492 86334 62656 27421 43634 99761 34567 30098 21155 31536 67772 32907 85433 45361 19300 62128 93260 58656 76495 87371 92867 31615 5757 51913 13613 10308 19382 42662 48478 80158 23999 94188 73703 57199 38812 9370 74537 37728 63892 24867 32506 15757 28232 64615 17154 29677 79665 34594 3636 5464 28290 13355 83608 40966 1319 33442 31623 33171 17590 55585 73524 16323 45241 87700 59855 22694 41807 28297 51036 35899 12593 61171 31884
8053 88715 93215 43126 89466 98011 36103 61022 61009 64911 37609 82308 67116 68 76117 8137 72453 65807 72010 90206 96402 97993 5406 26629 97168 91260 35509 47664 19750 14146 19753 9110 75559 75241 93718 56090 51902 20566 91188 55916 62096 59603 83004 26341 66194 2721 7189 74383 18075 68924 56679 33493 64161 81562 7845 61221 53544 28436 45283 83099 26146 29395 2845 69500 28073 50371 26814 49916 86782 50245 3537 53755 81837 2968 30234 47056 49780 44540 33962 7733 58778 23275 12130 82130 30136 9840 55900 36789 14844 64996 65496 20120 8890 24924 96560 4921 38063 93588 2442 90476
47352 71505 81171 14976 20125 14616 4607 37360 31095 87571 92522 80793 39230 71059 62654 44995 9598 86247 57925 31664 92346 22639 23604 3820 66776 56058 72287 50670 37271 39003 23260 90709 25868 12578 83618 94254 47384 5857 54225 45379 70861 31410 96822 44548 72925 18080 43984 98881 83908 16971 53118 14045 38500 65351 58996 22861 11094 92007 27600 35343 87618 62151 88748 16613 63548 89660 97888 46881 68565 72741 91342 11566 74600 60619 6221 67593 13160 37209 52539 79975 76721 64031 80455 17779 64702 68122 88469 70445 50624 87537 44283 62540 82524 94654 61624 65764 10118 15282 28486 93495
22023 94021 31225 29194 81116 68703 88183 33590 16773 85778 93847 12499 15620 26202 20447 67153 78627 50140 91766 86746 78657 58909 58187 62741 28267 1006 53368 93197 81811 63175 68177 27463 90990 74782 97681 16235 73286 73620 48401 13195 73763 41427 85810 41115 71401 66664 15146 15850 82992 76892 83656 86329 35295 42614 83135 85331 86605 59611 76280 80433 82856 49244 56696 38949 73738 11433 8668 34846 9803 80924 826 29538 10645 92491 93430 29750 93906 85461 32473 18328 41475 71119 57918 28358 35037 85185 46480 1260 13263 44653 78671 41016 80792 11302 38341 93632 73640 79700 81443 58803
37613 84283 84135 18585 79246 44853 36012 16226 5930 44936 91850 2045 5833 15018 61564 40868 48186 49673 39286 63545 93786 32542 38656 18397 33732 82752 507 19634 52462 16088 96382 30138 27982 16604 86728 22658 73438 69792 72693 85570 18794 72639 50117 91354 23713 44347 93221 6466 74169 49919 76549 76278 26726 70090 65444 90401 75079 36341 58203 66129 34451 45813 77010 54351 13215 3666 6927 64271 73370 2612 51260 93626 2870 61551 68531 94722 76970 21429 13654 7288 1224 48237 1968 33677 32056 88012 24921 32383 4554 90422 26089 37469 14542 38691 15718 39408 20269 70345 57674 26824
60280 54509 13673 33180 71235 86046 71496 35040 23857 3642 33892 18864 72206 3500 40481 76122 64926 62276 35989 70427 68763 46091 76443 31346 52612 70974 81360 13620 22267 74489 35339 22762 56233 16578 62026 29549 90110 69900 2714 2973 89635 43134 68797 29910 2551 98757 38733 32135 1813 90137 17791 49702 3219 1079 46564 38704 94437 98235 49664 34500 87697 65334 74862 6676 64905 3573 81739 12887 69604 40053 4589 3208 52802 23262 41116 97763 75725 81660 61992 86006 66557 26477 32237 16288 58101 56740 53469 97365 7349 4483 17784 30399 9848 54411 49445 59908 94939 47006 7416 44892
64569 81054 63201 15645 45548 31186 7207 11451 45976 32068 8486 26671 16490 93343 30733 99984 17531 94654 18300 70141 82668 64282 25730 28875 2984 6282 77374 7905 9948 5904 88058 52380 24820 23237 21080 92160 98802 18812 74415 59269 9540 16827 95631 33295 74518 1959 3994 25870 77358 68893 39126 73612 77650 37808 92024 51141 23186 8589 45513 77962 84702 66624 45868 72793 41237 748 40334 28055 13293 54356 63140 19764 16112 99274 55527 60589 21337 3227 75776 89562 66811 10792 17833 98825 18447 96404 11837 40760 75086 39061 2873 72315 63288 44525 49716 94347 27418 22856 78403 89293
943 98368 82381 22799 47840 89363 5452 35846 78111 99924 4939 58161 80600 63313 61842 34827 12244 63898 91467 88608 31347 55154 93182 50608 39031 51877 97295 40004 91727 47039 32118 72283 53567 37201 41373 32345 29260 49222 94513 49733 48159 95255 33059 33206 94821 89289 76818 32823 66553 9185 24798 68754 96952 41776 56261 94968 69057 94501 92196 19412 31101 29703 9900 15954 72177 21828 60475 35276 29370 76284 36768 51703 35376 68512 8019 48400 45881 10960 89820 69918 74818 1426 83897 8903 76620 1616 29503 50606 36668 60892 87962 47469 68454 24862 69144 69423 86528 29016 48978 73528
11193 99232 31574 39933 59602 85612 88326 6502 11810 90223 36903 93879 59308 22989 10408 66013 88964 49549 12659 56830 94580 73421 90949 17679 89816 56498 21718 85406 30926 87581 18277 41046 33983 7101 8429 13394 80680 51889 15380 49677 41135 50136 33033 68998 71667 1242 33109 56212 5532 78328 99156 79808 90656 53476 84764 56396 5947 8669 14267 29134 6012 14661 19477 20233 37211 40735 37196 16340 20522 66840 62050 15129 67400 77747 90428 90857 88484 93049 92042 20665 2350 99116 63490 24402 69723 26088 1342 29424 10410 25213 14231 53273 24991 81172 11507 22762 9081 14503 78765 76235
58070 37426 51188 1744 48879 16573 59027 73060 61668 1569 59171 93368 39243 93508 80852 75071 68824 69282 97961 77505 43601 75478 41550 80537 63272 66582 37695 20841 58533 12587 56514 69255 74357 60146 36683 37091 90253 41257 47237 97098 57238 42217 79109 13272 63985 79426 18938 5409 98348 1271 68701 97265 2427 1671 99353 8594 8104 15912 98830 72073 46893 94112 57444 59676 11259 37071 76050 10530 41598 44007 62438 12766 22755 6483 68571 9946 13256 8314 12695 72419 58240 30670 64743 50416 76279 91011 91902 41473 61269 67346 12607 95298 23640 64845 21225 88030 70955 38620 60127 14150
37438 56040 5110 50284 44191 94200 65906 17109 54295 66418 63660 13832 76714 74086 5504 8342 97670 3880 65597 49911 13015 62617 31691 63884 19386 91682 7120 6880 1844 95332 13912 97871 64248 32162 77186 42200 66699 92999 72046 68639 40951 99299 56238 10401 37813 90987 82971 32738 53409 71123 23988 60932 18155 36624 15097 72922 61040 30881 48981 80622 41074 80708 29585 74563 55266 12350 38622 28437 97451 5924 8579 94705 90788 31346 74632 2168 74642 90180 89475 1083 13496 47719 57139 92281 99489 82082 1175 33115 52331 54082 48739 47396 71797 45433 43179 75626 90408 97701 65300 42156
48770 6399 67963 92361 25557 41093 54707 83740 18891 50499 19034 38162 41374 10199 90835 58243 65389 52016 52366 77861 87995 16640 13371 64143 66124 19806 78971 68929 91694 25363 1910 88794 55974 38493 34511 84003 72699 88179 58653 43382 77222 68319 64778 98162 55571 20381 70971 31627 51693 24650 50714 53678 12806 54892 37500 37116 77233 7097 41892 65397 85372 73470 4909 79615 39153 15260 14092 88762 55687 4060 67930 11467 96417 92312 34875 17028 9152 36716 39288 27618 20993 57000 68332 8512 70420 78336 77476 86652 90483 41940 58449 18062 62273 93631 61200 79327 84606 48121 45662 4414
90762 98399 8368 76072 46576 25719 52713 59819 34978 58606 4993 98761 58364 28529 69109 98598 63856 68428 94988 79739 52432 32497 14439 92067 7714 80803 31384 10712 79218 96721 85089 53200 63098 74889 41366 1713 83407 87155 30564 22041 86784 94328 36835 9013 58195 3634 10097 79971 33879 50178 45549 3448 83368 42682 20565 52939 68849 80030 30624 22667 80266 39733 15111 23107 34509 68699 29113 27366 67544 76405 29616 34890 36571 47126 53734 57568 87917 86814 50771 73726 43991 40901 74229 26472 66417 18681 43456 11378 87547 5197 96083 79320 75439 35524 47094 55833 54743 67648 26743 33493
17196 99300 44866 58373 32014 87204 80552 11859 88724 79671 93979 29518 5579 26926 58213 52901 12288 83054 27784 38505 17325 841 20128 77357 72124 38863 58851 10829 87822 78320 50103 61878 887 25633 33964 9888 32123 71589 94504 78010 55467 84463 83384 17554 24705 8318 41747 89718 68215 70137 76390 50694 13904 11219 8121 83069 26893 14186 56304 83874 80570 28960 21086 59176 99172 1670 1280 64205 57585 48330 94269 3256 57254 18367 53819 21909 60555 30280 41959 59340 37997 22912 70099 94054 78579 39185 5161 48766 56820 209 65309 15250 75434 81872 54937 81204 84674 79809 57260 73428
15699 94108 66129 83401 36489 63285 91227 79085 26710 39340 51052 41295 889 70561 23793 6607 98676 15626 4431 66774 31244 49820 70632 22666 95043 21307 57890 82968 45302 81564 56196 11161 68328 47764 25641 85682 65295 83298 54872 2876 19115 94422 22527 18016 40191 73725 8806 1530 9578 69555 29562 83303 69083 39305 10787 31532 76886 43655 50576 17493 64502 3410 6851 88469 26560 12940 86547 72297 5421 66508 63787 40382 24038 81380 95557 26655 42741 15571 5352 60703 42043 32284 67474 60686 39636 4769 72942 8143 9889 71791 56633 4797 93345 17438 32033 37593 17428 99913 42243 16151
55372 57177 31810 86602 29211 49950 43185 51448 79847 28788 42234 53206 15334 73183 87153 47904 38708 67729 41330 98660 2322 65712 84445 49867 87323 71332 20213 33360 72468 53540 76458 51516 72725 6296 57183 35770 72270 70686 41010 59879 5750 94233 71667 83583 39102 76700 60268 48644 75767 86 83047 62722 24924 2871 90167 33075 32756 28446 28919 37670 57727 80029 19415 54392 67318 22287 12923 82035 10260 43744 74165 21253 63692 32869 52803 22570 87620 18935 11223 13247 54428 83945 86625 23264 51596 16080 71302 20924 38445 12548 31681 6606 37534 45483 59598 37966 40568 22083 72472 76742
93110 39046 21865 73140 2390 26789 78597 24206 890 79432 89556 81704 19050 56801 74033 22739 42332 47876 12888 67612 27646 97470 93457 26409 1314 1501 73184 34316 3437 41406 17432 540 24405 90880 88403 20652 38468 90991 27646 24913 75019 97145 83204 37346 55675 54824 73487 21683 77344 96933 52793 11268 47997 38696 4920 79101 62038 67992 78186 83849 87409 24024 80312 81738 16444 24179 57699 89294 84641 75753 44523 3684 11960 36080 67100 22994 34451 34829 42045 4945 56379 15586 34498 50855 13993 72650 58985 59440 90647 80629 60616 99968 95096 52477 40349 49461 93465 69473 75423 20271
94628 15739 40613 39681 92729 16363 99947 13489 44587 68214 40335 58943 4122 18961 52720 71378 5063 91441 77701 14952 14748 68668 3193 41444 24534 40965 75412 52349 49576 12868 9285 17099 26370 42672 21021 58917 21946 4338 67170 66173 42788 11176 30547 73811 10989 10453 30524 7621 53214 23893 65802 56784 90896 81490 92521 37235 83497 48849 80859 1565 59938 39715 62023 66350 97682 89828 59861 35325 67703 29665 49705 44113 32893 84905 54943 26319 46053 51256 39440 4044 68599 28514 57966 11432 5800 66507 83915 116 2643 98788 76592 56724 15227 58881 80518 29843 9840 70275 23478 72948
75581 90651 68447 79 10900 6507 34090 2734 24225 43594 2940 7122 24149 34150 2416 36699 19482 9425 11173 16317 92154 19894 91846 11082 43657 48966 3932 35749 37967 90691 92305 90570 95796 32124 1429 66078 39411 27202 17434 97406 31057 48584 45656 34159 35649 54461 3808 42885 26274 24932 36413 94807 65420 88642 23974 64430 29593 67667 18921 12178 42156 79896 79845 84608 14605 33826 5269 13226 44316 55702 48328 84737 35443 78296 56188 84177 8415 78781 69667 59494 90384 18283 10486 72319 7656 63478 80086 65343 9018 1239 17387 25830 23367 2960 19303 61955 55602 10025 84410 88374
52192 59657 27074 64669 73128 27508 56013 83452 58234 55801 88829 92825 27751 82403 4185 75263 40744 83864 30401 73645 146 31146 50884 88465 27510 87152 76920 14744 28550 60434 40965 77805 7230 35544 25435 63259 7585 59434 43501 5629 56978 61120 43697 77619 71866 87515 81316 87489 49169 40009 43932 47018 28974 1389 54716 85047 30024 24098 25913 4070 77430 24288 14635 6429 22670 52281 84473 10783 21420 13416 75411 17164 83028 18042 61704 40083 81290 25609 22729 49336 45372 63832 47139 76146 45289 4839 22067 5065 54522 37089 58069 61812 24398 7410 16574 42591 90435 92821 87042 34192
58049 91206 12663 74640 71497 71458 27763 60853 96366 6826 49940 65469 61792 58807 35964 46801 76602 76247 71959 69305 57952 89601 25393 91700 40843 88312 61331 21691 9406 37124 14181 71871 45482 28266 36659 1472 19990 95971 42509 43503 43566 79582 9763 1749 66594 29996 52191 22435 16985 14216 88663 68185 3050 98948 56545 17180 46632 20254 76605 10933 10002 66217 5668 69463 285 38888 23118 37266 59905 2280 68168 91807 3161 73337 13970 94198 7745 78445 8929 65734 11908 14423 37888 15106 6112 57022 44657 16262 37088 352 32635 88846 13186 91480 55901 26545 54151 34462 75641 90954
9136 4234 80679 64636 45653 19505 88578 43331 63954 94023 67679 22550 33339 87176 50548 72090 64367 97879 68608 53330 86181 54051 16096 42682 40048 29830 89170 63362 59756 44037 4981 78532 85118 53181 16409 53465 3143 47401 53152 36617 79258 15815 33540 86265 55033 62645 93669 24760 65440 40583 57824 10785 59398 71141 93227 49179 97480 32293 92516 4531 57145 74983 81787 27127 54065 50348 6518 98565 18347 97174 94724 80541 69093 68515 76761 26766 89108 71614 8108 32873 71685 81904 33748 32429 60654 63631 25074 44264 95310 44800 11808 34801 34325 1789 88682 38048 63666 15634 3927 11536
73030 50495 24831 32876 81683 22732 10698 56461 66925 4533 61061 13330 65953 48141 17067 99961 42886 62113 48047 75037 73212 66555 21817 73625 97045 11643 6344 71697 5810 70991 14030 51920 66049 22220 77019 37062 72854 45085 3571 3692 36229 74319 26806 23869 94722 10448 32506 10851 26173 51350 83866 20448 32562 42404 14099 47102 94916 71907 40415 63651 33374 23742 61219 5799 42439 61896 20062 92735 53748 61154 76979 57474 85442 79809 86009 17052 53009 70204 65009 27984 85477 26391 37297 40993 67513 70364 12431 78252 33911 71368 33582 41620 30726 30209 2133 7361 26265 23354 76289 66964
62173 71915 57299 83766 30581 11098 23516 794 95533 23990 53195 86864 12987 96091 10146 97031 98884 45508 67603 190 87308 33349 11423 15077 71476 80489 49525 63986 51393 47986 60651 71368 34073 23147 78806 71988 20198 55699 10622 97584 47992 38833 45574 88428 19745 28691 83865 76256 28958 73463 51732 54138 50642 49617 65657 99901 34491 66864 76442 78991 25398 76570 98191 55995 92420 19040 58919 76440 38524 3871 63641 58736 27108 47504 59664 21201 77312 25266 11164 33034 93914 10316 92142 44468 31745 78138 20523 11246 41881 59814 8175 23725 70350 78435 17597 93672 48122 70115 67507 18199
23974 19202 93436 18967 81271 15693 5246 16702 95612 65293 48118 22326 22895 82350 29008 51547 85585 58478 12709 44746 55352 28483 50386 88855 91029 59372 88856 39348 22617 59274 63937 99745 20151 50626 30004 27434 87540 12417 81101 59046 40993 50311 74641 14934 45544 76830 69624 13287 39590 55911 30239 29136 49783 9889 969 17515 73430 49870 62850 78210 75798 26141 7826 60487 26158 43524 47478 47301 69669 48444 11006 43262 42966 66823 22667 62051 56189 56958 58844 13500 68162 42669 46164 79845 93214 54137 60881 85467 19449 21356 63694 20222 35045 25849 25432 84913 91625 79310 50070 66688
95576 61627 15968 17898 45305 80027 27496 48328 53525 23636 48592 62197 34965 65014 4986 43928 88709 99380 98901 92836 9538 58678 37178 18980 18465 25642 61086 73022 91430 14427 77885 26020 70382 19421 60699 52606 76669 68206 90522 12743 92030 27190 44065 88667 75364 15024 1595 56303 60554 96222 70463 65493 94048 86314 1787 47878 7438 12413 34390 96364 5027 7079 56716 28860 61431 29992 25362 58923 95197 79939 78716 1058 85071 62068 29252 53261 17172 2637 21703 62496 36906 63868 56142 93447 71967 6769 67099 48889 22918 79957 5654 19293 48102 22670 68166 49515 77772 7736 47408 2044
41462 75226 74700 98544 73955 94301 62126 72807 73191 7262 28593 87899 98096 36108 72400 60308 67872 45306 11674 77179 40904 16907 22832 63172 78459 7697 58310 15452 56522 65926 23851 2603 29428 1010 78607 99888 16375 99824 91853 86656 17324 14430 72423 62813 74409 24096 54339 68544 89927 21601 14727 55598 73965 78187 94391 77095 67566 35800 98021 77532 73424 54673 33788 55152 95299 91746 16337 87262 33050 30702 65530 27454 79821 7071 68650 1025 45683 68653 34401 91497 68794 96641 47188 98016 4958 1573 33198 59601 92096 92166 69837 18885 83785 79967 11698 20313 30388 69690 55008 85173
18528 40371 5170 82387 60515 86472 85778 8626 14238 21279 62358 57472 88282 18505 21392 74843 74615 65017 37856 77646 60440 17985 46380 89656 57190 97111 50618 49423 15993 69179 51519 88222 21463 48964 44780 5968 79131 22551 4015 93879 65385 56590 38267 34406 33497 47053 69957 74009 131 45546 3294 75904 96186 66431 68658 42081 11494 47976 107 34709 68154 18973 85071 21845 51532 7072 911 3085 36511 14368 15969 72412 37521 90616 1761 70201 86654 39345 44449 5763 92155 43389 25482 70640 63401 3283 18313 5495 6578 36102 34618 67573 48925 67969 49053 56888 95229 20282 46284 94849
41893 90024 77616 24722 30075 72430 13282 32216 1853 70724 8847 63303 16047 59281 12707 76151 36446 44185 32456 3526 10265 41375 56740 17166 38790 87513 22311 35595 11256 32859 78752 67213 29947 13838 46031 31457 69753 92890 77723 15820 49061 25309 73197 38903 83330 93956 18873 39854 50255 96973 26196 74769 79881 84270 36112 68453 56538 34564 70499 2531 24793 67617 62320 85750 33808 70667 24057 30152 24253 2772 77251 44564 91520 48913 4639 38888 17036 23845 86369 54444 50497 62604 11617 92673 38921 91758 20496 79477 14983 55242 47437 95649 73413 3882 41779 34533 49017 23796 57042 33390
33190 40805 67502 84667 61890 97298 95823 7116 55250 851 97238 90550 23517 75925 70240 64266 74829 68447 64742 93365 5306 41817 43023 95602 62705 52401 89369 5581 27714 85537 28115 61585 11422 97890 38218 56416 37763 80556 8540 76712 49342 17848 59493 15983 6420 19030 42936 65557 15289 4983 96964 91838 18423 34777 24094 30752 23864 62663 98491 79699 83805 24709 99766 27710 37213 20694 97162 69721 81923 66645 47499 90950 38517 51509 45384 83611 73443 4834 75143 16367 48221 99043 12997 58276 42009 30063 50856 81687 60605 49074 76233 21913 40325 96717 21846 46549 42339 29793 31424 73165
48767 1631 13464 52901 45416 506 78996 14249 22484 69960 10952 99464 71862 21965 53910 1349 96967 45075 92743 68421 86669 24481 88532 47229 44108 29941 60742 54411 33571 82588 40443 15668 32932 33172 73375 69891 209 95861 63474 90605 66271 48061 38617 76285 3782 18265 55426 65437 46385 24330 19184 55984 66046 15186 26125 31244 18766 96316 66475 89607 59677 41231 54104 48351 48970 7253 94805 24549 64249 71620 14440 47654 67791 63812 10170 84806 81912 29439 5533 68086 43261 17847 15291 42149 19010 70835 51636 27751 14781 23682 2832 76806 37225 41577 63922 5415 22523 33138 3378 4281
91474 59304 11576 91267 59294 51665 62169 24244 15150 36340 77665 13809 73264 23858 6111 1242 15707 90559 77683 6185 86231 67554 43659 62720 22225 63581 80973 93687 76774 15047 45352 86634 8465 24325 90737 48829 89358 77828 34108 54234 16590 60915 70203 13830 32831 30902 4120 48130 59988 81972 43063 49855 43631 97243 59678 72761 26833 19998 11379 98517 69054 22672 28695 63521 72194 51147 89982 37897 29245 33929 72316 27294 66289 86889 58653 2870 86554 14415 66847 3249 12374 48584 53360 83142 56728 52227 39439 2261 2127 18188 57459 127 66804 25328 85378 91929 59516 13667 3152 23923
51942 72640 11085 26586 36189 21960 51511 47113 72995 75749 58994 60585 72344 74017 46279 43205 17790 31377 71147 46058 50388 91135 37941 16049 1867 74275 67492 254 80237 93170 48597 46709 10565 22972 83205 99507 67795 4367 85474 62735 18055 42834 90800 38872 61474 12995 57914 56674 50958 73697 70504 9022 82065 92518 91132 7848 62246 61501 68630 6481 22249 54325 17500 80358 75818 6205 71970 49858 63154 45464 35493 53249 55624 2062 42155 83004 53812 85759 19865 84843 46737 12285 71284 42753 99385 70817 57330 11700 54840 47403 42070 84840 70196 85128 32206 11683 12813 47147 90085 83009
72604 43026 67354 73114 36061 13410 64657 47601 67753 99732 25530 6981 55125 22188 4047 36605 65487 53208 1142 59871 9208 66583 72361 62538 72007 96499 20006 50956 33591 99775 78995 64201 6573 94611 46260 50885 5993 12276 84220 20178 63854 53657 20065 14986 88771 42084 13217 35855 91259 58547 90236 76334 5433 68697 19837 4449 58326 71386 15929 93584 84403 29784 49298 49777 43053 25889 45033 7749 5591 5393 7718 98379 27949 53594 29040 11750 36869 30629 73318 33855 23733 172 10508 23412 17579 93222 951 31010 32011 76334 41258 144 87194 28053 48227 1901 35320 13182 29229 51421
70329 89424 83880 64257 24080 36749 34179 45321 96044 48613 53 20471 39056 36122 31031 35729 26675 38042 23820 4973 68534 75141 54394 43523 46644 86603 15107 65886 94834 67118 80523 80489 64257 55061 52773 86764 12087 29325 19321 51373 97311 61959 6239 25268 56936 41101 37513 41024 62019 79243 45485 61914 33541 70802 17792 30858 44521 9776 55823 32613 96383 13189 60741 21238 30504 22259 79033 11720 23918 58847 12129 13188 33429 72536 8164 71051 37628 10554 68663 91351 70418 15232 51581 4934 96837 70722 94485 18465 83942 98511 63664 43493 90317 15318 55668 80777 16562 99289 31471 72849
54828 26989 70423 90901 28171 40840 1476 36951 447 27936 61543 43894 1872 46138 49040 94332 43614 92887 21833 67697 99386 26065 86879 57147 54227 47980 28247 43843 31176 57940 19484 54799 41867 50574 32581 97455 80694 29681 59862 30382 29926 87449 17010 48394 95929 81960 65696 62435 87995 97147 87079 2434 84450 79375 97408 39703 33186 79600 29070 77685 19678 934 92455 88970 86811 5381 1754 40750 72085 62875 58150 67636 46699 52732 8711 96916 48889 37175 34477 9741 67551 99181 37133 27840 12018 22782 16908 94927 32477 60814 91313 54416 6171 32642 73477 35846 74234 52158 31251 51937
93305 33245 49854 46730 96346 19795 82578 43432 73139 29697 20460 1173 45216 81372 57711 85656 22030 40992 51599 63605 924 21824 57181 65693 95839 98548 92396 57155 62838 80269 92709 561 19623 10730 88791 14706 44842 72687 41149 54794 5415 82617 9893 81102 51141 15433 79681 26490 72796 50183 47004 99594 18163 83982 12101 73213 99889 90478 70577 35238 94380 56399 12704 71020 26354 86981 34293 69830 35407 12173 60241 95057 7154 36001 52932 46478 39098 63024 25140 95457 52440 97203 86271 15085 50811 5323 37699 44090 93312 55431 2407 27088 4280 32868 74036 13960 87480 89278 23401 93901
86468 77028 96974 45128 29675 682 67301 96782 47190 60510 39113 77623 49146 61997 19769 52918 28229 88358 69065 24838 11498 9927 63774 75358 50839 88572 41052 4414 23922 81869 41846 19510 87280 66158 76838 60911 12041 15618 91912 42653 66499 66160 99843 63877 34242 86853 35294 66962 68551 75205 34928 24691 59225 74997 91391 75882 72403 81376 66695 33457 61802 37577 92245 40671 8894 62655 84606 16069 81005 80427 69562 52124 78847 39313 20568 27032 159 8105 12883 53636 67694 59258 36694 91250 99727 67565 28095 53723 60657 57661 85915 16876 40576 51961 75630 5432 1187 52849 75552 25109
96072 89956 5848 61745 714 49146 7812 82877 85351 87369 29733 94477 2176 3223 2631 93398 95814 12023 55027 58306 56150 21277 99852 89383 98261 5267 66695 52880 4816 85256 23180 92105 23734 45152 83853 10024 54265 93144 56517 5166 41998 50997 88067 9695 83090 25961 29268 20166 89399 84955 61705 83564 29426 50765 10126 27706 82464 90306 52989 64865 29188 91495 64283 49875 22844 91840 82573 92934 22053 71885 59860 55888 80106 86925 68685 48817 44950 30392 14314 1329 67469 87199 10810 85962 98969 74566 86509 93426 78207 26594 97382 28713 30830 45732 29309 45784 81971 12893 66371 48969
2039 41379 69930 89429 47588 66596 21685 84074 69126 97941 54148 6756 42576 2002 68892 74364 74026 57109 89563 17626 50525 53834 75530 47631 11139 85269 58616 22433 17893 93620 89446 48832 81178 24408 91951 25010 1939 18582 78601 15144 17464 56372 25935 57669 2924 68210 68817 88940 46578 37976 99174 99614 1749 73378 20887 97601 79821 25589 92141 77454 91850 54798 51638 86542 98964 13066 86552 4531 43907 12556 54705 9742 91195 49397 98905 96837 71674 7019 30982 59489 51277 87420 5438 25002 98762 77849 78551 39383 39111 21102 26127 57306 61591 35773 81365 21031 90187 43782 22692 79949
99316 99778 88823 16035 37930 94078 12324 76547 83861 66410 7275 41761 45890 26404 53584 28121 94096 88125 34079 26481 9742 62309 17630 52738 25999 14878 17695 92623 47734 83150 98709 27338 83271 50957 37974 25524 84818 56391 91994 2089 18538 63054 63075 42620 26666 9471 26872 8187 44996 94552 50709 51803 66811 15731 44098 8224 86367 12067 65226 68436 25385 63175 36426 50153 87197 88053 1700 97477 90216 93097 56035 96017 70178 55037 80924 60893 70236 3709 92727 55104 91885 43563 9042 9830 57642 77824 38690 40908 88523 38818 82434 96668 17695 58112 3450 68584 57132 48503 97803 49881
5012 99271 25051 51757 45991 42851 98941 31180 37671 25138 27164 44729 61493 19161 90205 53052 15288 62310 82914 66442 28906 34223 47341 95666 73376 42289 64919 70912 10349 45920 73534 1096 56745 3663 84050 37098 82217 70617 56255 14741 12062 38032 47617 50735 6370 99340 80805 25046 348 84388 81764 55584 52057 54284 74594 95717 91124 7856 42408 90273 9187 4271 44642 68489 26 19875 10809 41478 65391 74543 19146 93625 93327 55596 18621 93076 94058 79050 74944 29958 23591 86927 45260 9625 88306 25765 23764 62461 62884 3989 36952 53754 73129 56629 28075 40962 67407 96519 39244 24151
41381 91312 37587 89060 63924 47399 47613 86639 53013 78415 82146 41064 50328 43573 58858 86895 3787 76402 22030 68115 37161 17495 61346 91089 3372 66317 45300 63068 9323 19810 15034 82615 97714 6872 5861 51815 94529 31686 45679 62743 2858 96687 43396 87371 60826 78677 76584 72401 12622 37639 42493 95854 92757 26935 4087 44762 44645 18223 58742 75786 8589 65043 33768 46244 97731 28695 33969 96883 39319 73205 79452 27190 19154 1666 84650 7959 33523 4426 35652 59665 95053 73859 46593 92036 64444 72197 25406 53087 2524 57955 21137 39355 84233 23490 57329 46667 23665 81509 25788 31085
43708 43224 31092 32261 70305 6824 93001 94395 42199 42111 40295 78449 60034 91766 64695 4953 14626 4679 96524 74133 80011 56014 67413 49720 69935 13374 44678 1584 44807 65776 86159 10435 3835 74208 84835 59634 66653 5978 4783 72106 54645 26209 35665 99183 32748 52910 8129 63314 42633 13087 19559 66009 31392 84525 6502 85950 11275 58816 35520 48409 34293 37127 31601 68167 31757 82132 50010 71649 15138 72035 9410 50500 93593 16672 64990 24051 74658 86189 49124 87896 81974 99707 53509 74136 1062 56297 86609 67814 50403 7218 51006 87148 93971 99227 27887 32342 38066 8397 69591 98453
52320 1262 95784 37962 89679 83512 70367 92702 75048 83488 37968 4590 60400 69708 83867 47670 67365 71860 55813 40215 5950 56499 73674 374 92323 19533 29087 86783 16343 83959 12325 12684 26286 64984 14851 5211 32419 37603 81060 70770 2836 17231 87468 13175 31838 65395 42347 97096 34707 9120 96897 94703 90111 50998 32267 5969 47159 70450 41308 98953 32584 94882 83393 51219 81891 17268 82553 21353 40254 97831 66843 83509 113 22114 18215 15492 58704 36933 99053 85237 60619 53781 22520 96479 54919 66736 54156 92042 31318 96203 72958 59471 1326 66325 99757 22523 14215 68643 50603 53283
67289 63079 59280 59348 353 60125 24840 17055 93464 76761 7544 94575 8264 35792 65211 75415 25343 24635 77067 63143 16544 49386 45644 32977 64547 75805 39256 62786 82690 45856 53909 10747 43668 92370 39954 14034 56581 34371 684 61635 43642 38246 69240 81413 13070 31586 9096 69564 61349 52341 93202 57197 51851 34160 49433 64072 95228 9228 13949 7849 97671 37750 56768 40650 94343 28408 39346 86429 28065 9627 58581 69750 21029 49259 41488 98536 21445 23411 73571 89965 45771 38787 5110 58794 38779 3812 90464 91126 26106 87742 41159 37259 14293 28020 94346 47877 46344 32334 46019 97491
22237 10469 92707 59900 14210 49198 55942 84761 58055 57662 77065 5342 72642 59489 41789 74172 29628 64153 92307 16242 28344 9214 80849 91310 44315 24029 19925 34856 85472 51133 862 18075 40438 37568 51897 10370 11377 14194 35838 75042 86189 1119 47220 84210 27648 51089 58444 78749 34724 85130 23625 20338 7984 1884 24880 65347 98199 42659 53186 96750 50864 2423 16274 31543 96269 85783 47840 21613 16293 12723 21926 67545 843 29403 46263 12098 80537 95451 31703 4205 69866 81865 36292 11443 53515 67345 44945 68666 80486 78853 21811 51920 95840 85448 97806 17329 2626 51787 694 4190
94072 48127 20832 60600 3370 58799 77043 19784 51818 41348 54423 89221 92320 53885 72072 21108 37576 34261 19868 18827 93881 95673 28233 55331 46504 64612 82761 12879 92801 98023 25605 4906 5318 30736 52431 74825 40790 95600 3095 68229 7199 98284 86314 8511 95740 96108 65338 81343 30338 45915 45969 33427 9618 86031 28244 60717 39571 51182 85123 73142 72726 17990 80408 40015 13767 5822 4569 7841 70441 87532 42150 71241 12219 72883 94842 1650 85405 51843 35961 26501 23310 25192 54511 29799 98520 87152 14756 49011 90354 62349 28087 1785 32410 18691 77448 17556 1550 8969 62258 5044
89206 70773 35949 88922 66719 57586 32090 54654 81688 71112 34139 7058 60613 82789 71626 85206 8310 93358 55327 24251 5264 97378 29200 70542 33659 58227 87546 34246 54798 60188 79829 16199 76486 20207 74422 48869 85801 79899 79319 79907 86987 36274 71897 94315 18988 66049 76741 67586 21531 43140 2788 15098 80352 26131 82015 25189 14015 42383 27505 27122 39765 81447 45177 16349 61143 42700 4490 70960 80193 66504 28520 66056 54325 64786 77225 82621 17095 53121 55051 16746 19088 90305 28178 3102 20383 5034 46703 74438 8891 4966 26305 90089 11930 48237 3130 64211 17654 14513 95799 58079
76514 19925 8872 21490 12846 87002 98308 54102 71925 42806 27205 4641 88697 31169 65821 25260 24030 77309 84750 73856 25293 25711 23946 9587 1531 30083 48813 77175 54460 55982 33205 78863 16805 17453 31265 31885 64580 59307 36167 18116 18113 33301 707 66409 40053 90894 8649 46981 78714 15005 1666 68498 50422 198 394 15611 38168 92373 72613 1799 51220 84824 55052 39787 50569 58209 25805 91026 34533 56357 44680 96421 84260 41298 47270 68658 17853 89382 18576 17058 29856 21855 77888 68482 96558 98824 38496 67536 14049 24146 41472 79410 93034 45132 94528 64754 26425 99192 24094 18307
14104 8137 20322 31332 72337 73529 29986 35044 93599 85905 82641 87235 12738 24201 49666 26771 97742 13161 38731 23057 5064 29210 45208 24187 76732 798 87503 44843 43947 83546 30041 27550 78664 33715 27102 75106 66445 15421 37065 59271 20845 42496 77621 44282 5370 33009 57480 56091 28212 79168 24161 46578 40290 25741 9477 93421 31002 61542 95878 83013 37236 7161 91678 96420 73431 13657 42804 34661 37214 9047 2343 20399 28889 37992 22872 1549 76015 53922 22056 33074 7130 23620 68320 28381 56328 69522 28863 7131 72354 95685 10538 54985 87206 7292 87054 92938 21378 50084 78043 84103
43720 49979 21579 33947 80936 29811 26368 96691 89292 6726 39081 31738 76201 11783 24463 55792 1399 54354 37312 34895 71181 63442 80292 8194 73123 64837 12786 47473 89309 92562 65341 24114 72404 37158 78393 25429 31245 68713 71361 87701 67026 13788 20748 35034 6943 46085 28077 43332 97640 56931 24994 84194 65740 59342 33958 81120 34229 63416 84647 86849 65202 49076 12841 41204 84162 64827 39081 74154 60727 83199 48461 24226 32659 27071 82624 85117 74899 71015 87397 24520 89952 14246 22439 18360 47389 41288 93725 60213 70150 79898 16620 74938 85322 38875 89245 96947 16465 51019 26106 50418
10473 95477 40968 52743 42306 36193 60756 43342 12629 53126 54369 46983 73689 66147 18201 3093 51578 33209 25019 67319 2426 87443 13248 58641 66998 13846 92897 85730 82051 88275 85774 242 58299 61848 37288 38772 39249 65186 38879 3590 52455 8776 17651 67001 97921 19573 60678 84484 75623 53862 81002 57433 5687 9391 54511 29077 62221 1497 22597 62713 39070 56720 2708 73885 15813 82423 21227 34666 26032 70511 64325 83478 51042 15556 3916 25719 78935 12825 88747 26049 22200 50110 71772 58696 74387 96390 23645 39275 53205 68140 51793 60273 46087 30347 17813 73360 97378 64746 23960 92889
84203 44766 126 87736 61479 63810 87668 61049 78122 29420 47743 86140 55366 8097 28131 52937 55838 82557 13741 25231 90159 31153 62560 83352 14913 22697 77344 26860 75662 25936 37692 57025 69593 53105 23962 34626 41718 6313 32546 71949 24646 79541 90542 24144 64612 63682 46436 93676 64630 33744 87686 35320 83649 50596 55812 12150 90980 43571 91679 30916 27396 95040 33001 20967 42768 56701 96903 87594 98784 54272 78040 9021 20299 73981 45704 38738 95375 38651 58207 70345 68729 56326 57761 73618 40257 734 71326 80158 46928 75674 59642 49052 52512 18807 12818 92250 72841 5879 41602 67003
44517 37043 36354 99448 78078 38955 59790 32739 55629 76576 90781 93563 50671 57533 71196 81997 65751 92708 78078 10476 87597 55307 35298 28209 41604 23995 26336 26001 21841 78865 82851 70792 76418 54548 45373 19954 6196 12124 86380 77445 18310 74799 34960 43114 14162 53093 60330 99487 64215 87362 24480 48961 81267 27945 28618 12773 69690 63013 24482 94620 50038 96211 67078 48540 97761 76644 1494 14527 14844 60354 83502 5273 88373 80694 48138 77366 82926 672 69271 61555 23323 98578 46630 35179 27757 23590 74794 94962 61839 76967 54622 51304 19509 5206 8215 12203 832 25123 95696 42246
20560 20697 95550 25999 30304 10607 64806 85411 18087 71346 1833 33427 5883 84723 68709 64278 75505 54271 10179 19479 56563 89654 3670 71843 137 36147 84064 7169 72645 73532 32521 30936 42138 90156 94783 70364 91101 72164 55879 94984 98930 2675 25145 64742 1778 59823 961 16180 4526 14203 59860 30533 55248 95112 32134 31437 10875 49892 17427 42595 27898 96850 60726 59363 58919 16288 53438 55588 74082 8587 7766 57883 25552 2603 9056 96864 89004 41907 56362 36904 58727 44370 22285 22099 79835 15773 30953 89124 85161 71694 20764 10750 18811 74369 3372 85069 89031 66793 3948 86334
52422 4075 17382 88133 85042 77194 46269 93729 17956 46451 35548 11735 80560 94484 76074 25365 44722 14945 60108 66146 88613 71142 18364 73843 11079 33417 24780 34304 79669 20628 57248 90537 26921 73277 62438 49874 66841 7572 18459 70396 62135 4111 63933 79649 8350 78877 51307 19651 27209 40485 64321 63270 96607 27596 26505 37250 79037 36276 46806 14898 63234 95487 57690 2689 68788 31089 92452 90544 67651 54574 2482 39734 95520 59351 13778 1333 66293 38196 82175 63244 32820 10836 36014 20090 95178 70379 47715 50824 63093 88267 78008 93012 80778 59925 16056 8535 14909 97312 8944 32987
41644 83489 40090 72986 83731 70848 79845 67763 16168 80675 67938 70128 96150 77537 20936 62911 67992 83476 63742 78494 48524 90970 42315 11223 71609 3927 9507 94477 62345 49067 17857 57389 88389 43606 16239 37977 48828 66882 69614 30874 51093 82606 39397 97781 71816 22032 23823 1340 23330 70685 4506 83052 43988 52886 40163 92946 56584 56749 7804 59828 338 6382 84627 13730 10938 48858 13176 18005 53079 57100 84488 72974 20897 41352 88791 91507 33215 40757 11740 28766 67822 6007 18897 40485 9888 49181 91557 90799 97615 51841 74299 42624 5689 32674 59500 43908 2030 6875 75317 44401
40142 82830 27704 26384 78752 85258 90563 99872 83889 26270 36758 57897 22272 75124 3456 44489 88748 46228 54792 52969 86834 21401 64603 3504 96219 58420 95522 34814 51296 7230 96327 85502 80430 61219 54378 7917 26773 84668 99817 6257 86181 14397 38488 36973 40246 53330 22562 67228 89884 32367 85719 31714 47197 91083 21716 3368 60834 83666 587 86011 96206 36337 99720 92065 79085 54130 35996 26730 69357 74477 31492 4690 96073 30498 22571 93018 55754 17639 58652 3301 16065 17464 19684 5664 92928 36926 28553 35277 68474 16848 61804 93791 52377 12817 69496 70817 58034 4413 14358 88490
43280 51813 43030 39414 81027 88506 69396 37243 1579 3291 74709 21054 91405 69205 785 56685 11200 61808 74487 8787 56081 1010 55084 41306 75740 19779 11512 63349 16253 11698 96849 50018 18753 87587 21021 59047 47007 6386 56884 7469 95450 31506 92554 78048 19694 60861 7487 70197 72076 33999 41015 64519 54006 8020 10777 60547 20003 7799 87968 54268 90225 2797 9949 6567 82006 52024 95908 87003 51173 12895 89156 76472 63917 22349 56932 30575 18665 97448 4114 10258 36780 56351 52003 25724 10578 25488 59502 45452 24695 36806 96879 69568 91539 41681 7693 48189 62339 12742 67955 92013
98402 59728 33788 65067 9052 47782 5027 88097 84942 59287 52491 5692 96636 95053 6621 32664 69040 71497 36543 88018 81056 73652 46943 88560 49935 88091 80827 17419 3945 30910 78263 63720 97040 11492 74117 12012 25779 66797 8501 77706 93252 2440 45652 34600 31455 32020 44904 43303 82461 54538 50924 61501 946 10763 8736 94497 56954 4309 22342 36968 16337 15242 79786 61042 76297 86180 20766 51663 58966 90068 34425 5058 39488 95623 25286 31349 5725 39232 57778 85696 9281 79375 34555 63342 2411 72016 16480 51578 14297 87443 97722 70262 71771 90802 30661 84597 20866 92907 21453 76561
46885 69495 45346 17490 24541 76551 33392 98917 98958 11777 49358 49193 68089 34113 90775 63535 11014 52963 20193 82499 61095 28857 45372 26176 90517 40494 9731 25146 25490 95577 2320 83030 19441 67776 26086 23328 85727 41724 4242 86057 22221 92523 83297 76425 14525 29680 85073 30856 66823 18966 35766 27647 21939 15316 16958 68637 11812 55852 12562 91321 1184 56089 43402 54402 92065 23114 97852 66710 38046 10527 64975 11841 82556 21442 54050 6915 60386 51127 87251 93190 31611 49914 65473 163 89956 13901 73978 68030 28995 76778 20632 24339 84917 25303 41445 34745 43888 25284 97126 27389
22592 31491 28567 54918 1283 26707 64977 7200 43042 48281 17839 64764 53779 19191 61534 60163 22701 86488 81713 10708 7672 67538 28538 27866 41009 88538 20100 74136 30405 41202 88082 43624 14123 49160 99341 27985 70868 26482 67267 31153 7246 45592 24957 94640 51063 88421 47896 47893 47766 91486 97540 87498 76714 86701 28337 40335 33410 96298 49574 35106 41823 72911 71420 20518 48311 45421 16227 22902 18481 26022 84353 70153 6658 19341 68407 58955 82446 69117 13960 343 44054 10639 8170 71612 43875 1599 90016 66087 654 84687 56847 5159 62266 46389 49393 23802 35758 27362 67994 10306
26796 9079 47481 95309 85634 30607 74197 7612 61169 29797 22083 87778 34541 53623 12393 40627 30783 45190 12953 962 47002 48720 69684 32498 50101 13074 32252 44216 71924 84085 32477 41694 27543 49168 19911 74870 4132 795 13764 21627 63581 87667 24195 78684 66297 38027 8751 25924 37876 45569 82448 6576 52269 90412 36711 13645 91198 63342 34365 40115 25328 68389 61417 3384 43088 24456 17794 9774 93340 67982 63235 31479 67467 4293 84592 83548 54818 80340 9587 24214 75649 52156 74691 96675 5035 68718 50814 74882 64935 43593 10878 41693 92240 25835 89382 88793 50609 41536 28913 68025
38930 86841 53018 69900 54039 6856 18445 91431 86772 36444 26607 15352 41396 10247 30039 49493 78341 62632 54298 40432 34036 50004 17567 74665 36634 4594 850 772 68437 80448 24248 77529 18533 72037 63491 78361 86372 33313 75054 8080 31127 33614 99574 10675 46281 3624 86511 53624 65005 16435 25172 78133 13834 54724 77544 10507 28322 71066 69965 59630 72764 4238 41544 25933 78486 37327 68165 32221 2792 34725 14797 91463 99646 72765 68060 42869 56679 30817 59451 18696 48161 12168 31690 4092 35323 91032 74384 29754 80344 50800 14078 35066 88596 783 79766 46217 75573 46208 36173 89355
33773 24215 8436 36567 93310 5640 1394 35853 51503 42206 18842 47035 64494 86246 78301 94090 92544 26062 93717 33183 78098 22508 91654 36364 12057 25299 52895 4732 10580 50467 74246 89204 26253 1820 13725 97664 54872 83312 72482 61567 78275 76904 64900 12672 44541 35868 10356 90167 43690 773 56598 53434 82802 84080 99584 69400 39713 78391 88446 92890 41802 10496 80957 517 61380 87360 8708 25418 105 23378 39199 65869 6016 97562 6332 3994 9125 63045 41629 57641 38143 47957 10166 43682 72414 99807 14405 62872 10222 291 74420 99311 79272 16738 76333 3552 66157 86754 1275 947
58689 56706 84887 41816 84899 11557 77137 51768 41625 17404 92116 3165 78018 78893 83153 79471 62553 74916 12859 80217 45111 96656 84739 32567 84975 33757 23241 6947 37005 42126 94610 37710 80813 12808 9373 43371 10849 16967 99054 37914 37292 95220 65166 75795 84350 75562 5655 92516 95414 18425 38282 46637 19179 72520 46779 52146 69593 25926 94156 39690 24537 6319 20084 47033 67159 38401 76619 6356 74373 95633 98495 89467 3028 10068 74046 74914 64187 87451 86761 45185 90817 38156 55055 40191 40884 13953 12723 28379 67895 75864 4456 33216 42085 45391 39336 91041 69947 45743 88317 45010
71297 28107 82193 33288 83089 31290 38494 52440 45582 29414 39052 45415 58296 84317 23013 94726 3470 83081 59233 61758 32328 29889 14430 79105 25754 50830 75224 82412 79655 48270 51617 54694 5601 26758 84718 13478 20418 61744 99789 57455 63103 10031 43250 34936 97332 20099 18155 68217 97221 97859 78626 63541 13933 98108 44066 43405 40263 8000 95568 3511 1493 7193 22644 25681 95790 76522 62682 35932 10381 39259 87691 64183 10645 27343 6973 84629 55364 36289 8639 85482 91155 64319 3010 3718 94441 64990 54057 50013 3374 84329 67668 81419 69905 63384 76245 32939 79875 72178 16828 23367
42184 27051 40873 5723 10098 39652 53350 94546 20571 82918 6660 21373 5528 29647 22548 52368 41042 1952 76609 4239 19324 50103 86528 25202 67282 10813 96590 63269 12293 331 13478 11763 57650 34382 39261 46043 56618 83975 69306 2895 93622 1222 22012 59583 99659 85922 30933 46966 47969 67241 19731 36076 8943 39180 39675 66110 36888 91475 33663 60663 50746 25572 56412 83699 37067 50384 34865 59319 10967 55443 50579 85915 76806 72489 88675 99229 88829 27787 31723 77366 53412 92965 12406 67039 84967 38638 20265 14306 97770 33322 44849 51670 56597 3725 83729 94224 70512 42311 11308 68978
20482 65679 54137 41005 7188 47353 23050 94616 94848 44770 82589 17428 7931 62916 73918 7085 60302 13084 71214 87372 139 30629 93044 91694 41194 72156 41550 7070 80948 15990 40658 16092 72045 11805 12566 30543 46727 70489 48558 92353 36227 84069 19056 42893 93359 58086 77819 22295 75290 29581 17212 65989 11844 93503 82341 37157 39357 20876 20062 34160 55855 92712 26477 41138 93337 92848 4961 48710 30187 46566 51419 35616 6123 67851 75318 14092 30174 68491 40614 52325 69574 46710 46892 62048 5974 94169 44321 42561 89499 18864 18521 84789 43555 27262 9284 73765 70236 46231 19189 39230
53468 24698 73907 32124 33471 27632 71569 46822 76053 66964 75492 31498 58442 50982 70213 30168 52007 31355 73317 95028 5435 90920 13436 92015 96939 75840 94681 82665 21998 56479 86824 5277 22131 4898 27482 59585 9005 83494 53064 531 43418 17460 19470 34386 66168 92307 82789 46839 457 80705 35830 67955 83935 62324 82704 71780 44092 91264 51592 89768 10806 68273 91114 8019 56340 62253 86886 46947 547 98274 67535 15687 96816 87248 58343 53997 66095 6776 67550 62914 35724 39525 83173 22492 68948 53397 97678 60214 21291 92453 46644 11338 12591 71274 57949 29683 78527 25693 73882 31622
27292 97936 7296 9179 85959 78514 87096 38623 73059 67132 9601 74562 94290 57421 5098 45212 5710 27229 98191 30942 65920 37329 28576 92335 62410 37991 14057 3402 49155 50679 12484 11649 86564 29242 6624 44856 3159 231 41380 42410 46299 21641 8292 75289 30938 86292 70346 85329 40058 67562 33947 17821 83998 9314 65201 69513 1216 69442 46789 75460 44682 35034 69307 2615 50254 31937 23881 77285 67874 113 58056 51362 61568 45106 90506 96881 45219 40927 5582 50504 16844 96486 41942 82768 94891 30726 68988 65934 28239 45179 24904 65560 90902 44010 2824 7409 41749 65482 27387 61448
15306 24433 2594 74859 69589 59959 59538 58772 68969 47403 33573 64334 7077 25058 69280 36632 75381 76794 40335 45589 19766 68504 48998 58137 74196 80219 36454 61244 54260 63749 5757 79015 64200 12265 50180 69095 44981 82106 20009 33839 39792 26458 32665 40687 40940 8522 77361 47887 99932 4781 28200 34086 8911 49674 54762 53863 74821 56963 5396 19119 57935 69048 32124 13469 56520 18962 94 66845 66462 71225 44228 96110 77137 82353 99915 55111 90219 43617 89333 24339 17971 41577 64959 93483 1077 11034 42557 26755 73154 59592 44704 15725 40642 3908 42581 46851 37345 82696 56887 34459
44809 42648 44422 41663 55096 75799 65885 86837 44560 99118 10995 42942 18372 51400 40060 40851 69948 4339 80158 10201 63375 79202 46292 63984 39434 33972 6294 5990 58509 35585 66776 87078 2603 51100 95008 57689 25350 90117 12352 89395 99262 98831 68536 40073 34692 51244 48299 36765 78368 69252 78478 7545 43310 92287 25141 35069 45780 69024 33284 65503 20336 31147 76085 65376 82956 30013 56565 6845 70655 15709 12181 73576 96062 79955 67682 68773 97226 24300 42065 28781 7336 43692 30215 94256 27114 68503 22212 93092 19106 27980 67029 96934 20989 48408 37883 71747 43058 73703 26359 70278
13675 47419 44220 44097 50706 37445 76272 7593 95789 16062 32213 95913 49003 66249 66364 64759 9681 56435 42912 79227 64946 57 29955 94715 74987 27364 85133 12371 72663 6484 73645 43282 59802 63234 74227 68228 11653 9676 50194 2624 73423 84954 24948 37848 91163 81288 13896 28219 11910 10182 75157 82665 74655 52004 71423 68025 65729 52318 15096 39458 29517 39487 61519 47286 21020 37296 29859 33475 77325 19309 93123 52572 22874 37732 75530 25183 70752 17963 21915 39091 7841 55100 33969 60321 41938 86155 89879 75853 52791 61418 40491 94691 51328 85000 70239 17339 2023 42143 39009 11003
4638 48053 76181 49488 27175 15301 82866 71400 21402 53490 13303 42958 73780 39528 26422 68795 44602 70587 80786 10129 58904 41328 96541 37687 12620 54935 72413 35427 21817 13848 22338 70606 79151 27881 30416 33701 7443 20270 54926 49857 51322 60735 77565 51788 67944 31733 28582 34303 15342 32793 65462 48325 17967 27097 73736 96441 66614 72049 12017 2108 44792 96070 61532 99758 60226 64884 46289 12619 29372 28388 29818 14264 24121 90992 87440 96566 66418 91958 13716 7016 42573 21229 30810 44907 32403 19871 44460 41423 95229 88424 76607 37190 80526 49250 14490 2050 42689 80883 65432 12795
33181 96197 19912 49865 21829 54613 29961 58607 21491 23655 69485 99573 37637 32195 45989 63450 45440 35162 2729 98367 50763 14878 51847 37047 47290 58167 29718 36770 25063 75944 48375 91886 29838 28073 18511 37237 31410 65786 44271 29889 59609 49545 24570 6830 18717 35006 83916 3049 75670 3161 68131 62944 40963 2166 27592 80982 97008 69153 1198 34202 16812 63918 7131 55874 53469 67139 21269 22550 93261 10822 2000 37882 11074 77049 90595 86019 38579 51604 71840 17053 82118 46470 14188 37871 60687 16749 40557 54600 70471 79632 84587 21654 2474 69941 88293 27562 76072 12549 97895 74467
36606 48924 10151 9779 87641 76128 66024 54836 29263 56525 19625 15068 28352 98751 86030 64126 85440 97020 38315 53126 49199 99230 95398 13601 41675 7163 72838 90185 69078 79084 90017 5851 4100 23362 30671 55092 47581 42654 26886 78349 21491 99992 40791 31254 68797 29764 22865 98369 52770 40768 9178 36841 27107 53091 13164 690 83856 89523 20862 46541 99332 46060 92180 18596 20774 33000 84356 81084 43270 36904 78502 2070 32492 57488 90747 79713 90515 16269 33683 41772 69653 84741 69634 18290 59426 52681 23224 2996 88209 89064 62464 16360 73487 2997 85355 47618 88740 32658 92455 19239
95122 51650 74565 37050 79002 89520 49537 1383 5871 80342 40267 33773 73247 85436 35587 13522 11938 43056 92003 91277 73473 71965 53292 13161 28417 84912 12738 49309 71806 99131 60380 19041 35133 32343 7574 3029 82939 44381 84406 76752 77463 76414 28832 83033 18102 27125 2236 88945 54156 88809 6565 84589 25955 43457 29024 79918 71963 92705 58356 92134 24596 99054 96802 64746 58863 300 38321 14249 40220 70131 19282 69958 82120 37801 98829 76901 33709 80029 74346 79745 10656 30202 61627 80655 52026 76620 53040 88753 24345 69227 2057 91333 42310 46311 2632 70056 70974 64834 51994 11600