70974 88740 76072 42689 2023 43058 37345 41749 78527 70236 70512 79875 69947 66157 75573 50609 35758 43888 20866 62339 58034 2030 14909 89031 832 72841 97378 16465 21378 26425 17654 1550 2626 46344 14215 38066 23665 67407 57132 90187 81971 1187 87480 74234 16562 35320 12813 59516 22523 42339 49017 95229 30388 77772 91625 48122 26265 63666 54151 90435 55602 9840 93465 40568 17428 84674 54743 84606 90408 70955 9081 86528 27418 94939 20269 73640 10118 38063 35899 41712 52622 2370 75855 81688 15357 92556 50500 38150 19681 28822 26337 54747 90592 52455 84313 81345 3148 92550 4741 45139
70056 47618 27562 2050 17339 71747 46851 7409 29683 73765 94224 32939 91041 3552 46217 88793 23802 34745 84597 48189 70817 43908 8535 85069 12203 92250 73360 96947 92938 64754 64211 17556 17329 47877 22523 32342 46667 40962 68584 21031 45784 5432 13960 35846 80777 1901 11683 91929 5415 46549 34533 56888 20313 49515 84913 93672 7361 38048 26545 42591 61955 29843 49461 37966 37593 81204 55833 79327 75626 88030 22762 69423 94347 59908 39408 93632 65764 4921 51036 43289 13827 60402 57039 75012 75935 91750 22375 79395 33465 69448 47061 37744 60758 956 61636 61846 87470 1201 1672 34374
2632 85355 88293 14490 70239 37883 42581 2824 57949 9284 83729 76245 39336 76333 79766 89382 49393 41445 30661 7693 69496 59500 16056 3372 8215 12818 17813 89245 87054 94528 3130 77448 97806 94346 99757 27887 57329 28075 3450 81365 29309 75630 74036 73477 55668 48227 32206 85378 63922 21846 41779 49053 11698 68166 25432 17597 2133 88682 55901 16574 19303 80518 40349 59598 32033 54937 47094 61200 43179 21225 11507 69144 49716 49445 15718 38341 61624 96560 28297 9259 18483 23550 20592 1284 79954 39353 81840 53180 74998 53097 90883 93623 92186 34503 94221 27851 17221 25361 96289 95433
46311 2997 69941 49250 85000 48408 3908 44010 71274 27262 3725 63384 45391 16738 783 25835 46389 25303 90802 41681 12817 32674 59925 74369 5206 18807 30347 38875 7292 45132 48237 18691 85448 28020 66325 99227 23490 56629 58112 35773 45732 51961 32868 32642 15318 28053 85128 25328 41577 96717 3882 67969 79967 22670 25849 78435 30209 1789 91480 7410 2960 58881 52477 45483 17438 81872 35524 93631 45433 64845 81172 24862 44525 54411 38691 11302 94654 24924 41807 71615 44602 27978 78456 13767 47613 74981 4374 58946 15711 25007 85984 1365 30506 2028 45816 96576 42262 2756 77266 40533
42310 73487 2474 80526 51328 20989 40642 90902 12591 43555 56597 69905 42085 79272 88596 92240 62266 84917 71771 91539 52377 5689 80778 18811 19509 52512 46087 85322 87206 93034 11930 32410 95840 14293 1326 93971 84233 73129 17695 61591 30830 40576 4280 6171 90317 87194 70196 66804 37225 40325 73413 48925 83785 48102 35045 70350 30726 34325 13186 24398 23367 15227 95096 37534 93345 75434 75439 62273 71797 23640 24991 68454 63288 9848 14542 80792 82524 8890 22694 52009 55763 75834 90396 71732 46523 73579 23636 31600 41309 34190 50005 71822 80355 96762 73055 40257 36366 44812 62915 59658
91333 16360 21654 37190 94691 96934 15725 65560 11338 84789 51670 81419 33216 99311 35066 41693 5159 24339 70262 69568 93791 42624 93012 10750 51304 49052 60273 74938 54985 79410 90089 1785 51920 37259 59471 87148 39355 53754 96668 57306 28713 16876 27088 54416 43493 144 84840 127 76806 21913 95649 67573 18885 19293 20222 23725 41620 34801 88846 61812 25830 56724 99968 6606 4797 15250 79320 18062 47396 95298 53273 47469 72315 30399 37469 41016 62540 20120 59855 52662 93522 50962 48767 70834 55090 95819 5736 9200 46244 25614 64930 40321 84968 53026 13574 1348 80368 84461 48878 8038
2057 62464 84587 76607 40491 67029 44704 24904 46644 18521 44849 67668 4456 74420 14078 10878 56847 20632 97722 96879 61804 74299 78008 20764 54622 59642 51793 16620 10538 41472 26305 28087 21811 41159 72958 51006 21137 36952 82434 26127 97382 85915 2407 91313 63664 41258 42070 57459 2832 76233 47437 34618 69837 5654 63694 8175 33582 11808 32635 58069 17387 76592 60616 31681 56633 65309 96083 58449 48739 12607 14231 87962 2873 17784 26089 78671 44283 65496 87700 10661 62599 2637 3455 92894 67373 83594 45660 97850 5362 18238 93942 15720 9963 92757 30370 55214 2321 31181 14278 99988
69227 89064 79632 88424 61418 27980 59592 45179 92453 18864 33322 84329 75864 291 50800 43593 84687 76778 87443 36806 16848 51841 88267 71694 76967 75674 68140 79898 95685 24146 4966 62349 78853 87742 96203 7218 57955 3989 38818 21102 26594 57661 55431 60814 98511 76334 47403 18188 23682 49074 55242 36102 92166 79957 21356 59814 71368 44800 352 37089 1239 98788 80629 12548 71791 209 5197 41940 54082 67346 25213 60892 39061 4483 90422 44653 87537 64996 45241 3275 34688 72446 77151 59804 75848 18079 60456 86997 9333 42357 13 4829 2557 59390 10037 62514 72155 72 39238 21163
24345 88209 70471 95229 52791 19106 73154 28239 21291 89499 97770 3374 67895 10222 80344 64935 654 28995 14297 24695 68474 97615 63093 85161 61839 46928 53205 70150 72354 14049 8891 90354 80486 26106 31318 50403 2524 62884 88523 39111 78207 60657 93312 32477 83942 32011 54840 2127 14781 60605 14983 6578 92096 22918 19449 41881 33911 95310 37088 54522 9018 2643 90647 38445 9889 56820 87547 90483 52331 61269 10410 36668 75086 7349 4554 13263 50624 14844 16323 26883 46004 59074 66030 51020 88312 34423 21111 47638 72776 29749 51846 48983 84268 61527 60253 48553 36431 17885 52254 14107
88753 2996 54600 41423 75853 93092 26755 65934 60214 42561 14306 50013 28379 62872 29754 74882 66087 68030 51578 45452 35277 90799 50824 89124 94962 80158 39275 60213 7131 67536 74438 49011 68666 91126 92042 67814 53087 62461 40908 39383 93426 53723 44090 94927 18465 31010 11700 2261 27751 81687 79477 5495 59601 48889 85467 11246 78252 44264 16262 5065 65343 116 59440 20924 8143 48766 11378 86652 33115 41473 29424 50606 40760 97365 32383 1260 70445 36789 73524 15601 59258 81113 51803 95788 61660 76425 8638 21945 92346 11301 2617 82326 34356 5162 5819 78960 53927 89737 10914 72040
53040 23224 40557 44460 89879 22212 42557 68988 97678 44321 20265 54057 12723 14405 74384 50814 90016 73978 16480 59502 28553 91557 47715 30953 74794 71326 23645 93725 28863 38496 46703 14756 44945 90464 54156 86609 25406 23764 38690 78551 86509 28095 37699 16908 94485 951 57330 39439 51636 50856 20496 18313 33198 67099 60881 20523 12431 25074 44657 22067 80086 83915 58985 71302 72942 5161 43456 77476 1175 91902 1342 29503 11837 53469 24921 46480 88469 55900 55585 29006 85562 73613 48208 63287 52063 11131 55733 7396 13484 47336 67292 50034 73065 50336 64385 37139 91267 68721 41740 61147
76620 52681 16749 19871 86155 68503 11034 30726 53397 94169 38638 64990 13953 99807 91032 68718 1599 13901 72016 25488 36926 49181 70379 15773 23590 734 96390 41288 69522 98824 5034 87152 67345 3812 66736 56297 72197 25765 77824 77849 74566 67565 5323 22782 70722 93222 70817 52227 70835 30063 91758 3283 1573 6769 54137 78138 70364 63631 57022 4839 63478 66507 72650 16080 4769 39185 18681 78336 82082 91011 26088 1616 96404 56740 88012 85185 68122 9840 17590 65412 89386 99637 17485 68555 84409 69354 34891 35611 98796 22190 93002 79011 81610 2596 15394 23298 76280 25228 56432 37703
52026 59426 60687 32403 41938 27114 1077 94891 68948 5974 84967 94441 40884 72414 35323 5035 43875 89956 2411 10578 92928 9888 95178 79835 27757 40257 74387 47389 56328 96558 20383 98520 53515 38779 54919 1062 64444 88306 57642 98762 98969 99727 50811 12018 96837 17579 99385 56728 19010 42009 38921 63401 4958 71967 93214 31745 67513 60654 6112 45289 7656 5800 13993 51596 39636 78579 66417 70420 99489 76279 69723 76620 18447 58101 32056 35037 64702 30136 33171 42313 74490 86809 80764 24393 52381 21432 28508 10211 3086 41867 13013 82786 49732 59353 64463 85974 41531 81131 38915 11580
80655 18290 37871 44907 60321 94256 93483 82768 22492 62048 67039 3718 40191 43682 4092 96675 71612 163 63342 25724 5664 40485 20090 22099 35179 73618 58696 18360 28381 68482 3102 29799 11443 58794 96479 74136 92036 9625 9830 25002 85962 91250 15085 27840 4934 23412 42753 83142 42149 58276 92673 70640 98016 93447 79845 44468 40993 32429 15106 76146 72319 11432 50855 23264 60686 94054 26472 8512 92281 50416 24402 8903 98825 16288 33677 28358 17779 82130 31623 62301 28228 48859 31925 58625 1223 54139 23085 73945 56976 11620 3120 31556 33450 69456 4550 65801 63570 96110 53978 5981
61627 69634 14188 30810 33969 30215 64959 41942 83173 46892 12406 3010 55055 10166 31690 74691 8170 65473 34555 52003 19684 18897 36014 22285 46630 57761 71772 22439 68320 77888 28178 54511 36292 5110 22520 53509 46593 45260 9042 5438 10810 36694 86271 37133 51581 10508 71284 53360 15291 12997 11617 25482 47188 56142 46164 92142 37297 33748 37888 47139 10486 57966 34498 86625 67474 70099 74229 68332 57139 64743 63490 83897 17833 32237 1968 57918 80455 12130 33442 63372 93852 78556 3087 56250 23791 88541 29739 40022 2471 99656 53416 4182 61141 64412 65372 34125 50241 66671 97656 17932
30202 84741 46470 21229 55100 43692 41577 96486 39525 46710 92965 64319 38156 47957 12168 52156 10639 49914 79375 56351 17464 6007 10836 44370 98578 56326 50110 14246 23620 21855 90305 25192 81865 38787 53781 99707 73859 86927 43563 87420 87199 59258 97203 99181 15232 172 12285 48584 17847 99043 62604 43389 96641 63868 42669 10316 26391 81904 14423 63832 18283 28514 15586 83945 32284 22912 40901 57000 47719 30670 99116 1426 10792 26477 48237 71119 64031 23275 1319 35717 54906 4109 68004 6245 90712 3109 43650 23822 64149 31467 61855 90995 73754 12523 26670 30675 49495 94638 74775 7558
10656 69653 82118 42573 7841 7336 17971 16844 35724 69574 53412 91155 90817 38143 48161 75649 44054 31611 9281 36780 16065 67822 32820 58727 23323 68729 22200 89952 7130 29856 19088 23310 69866 45771 60619 81974 95053 23591 91885 51277 67469 67694 52440 67551 70418 23733 46737 12374 43261 48221 50497 92155 68794 36906 68162 93914 85477 71685 11908 45372 90384 68599 56379 54428 42043 37997 43991 20993 13496 58240 2350 74818 66811 66557 1224 41475 76721 58778 40966 77513 88399 98779 82652 21653 6163 61145 84540 35571 17786 69978 26704 91591 2215 6626 35266 13414 23004 39117 53463 10730
79745 41772 17053 7016 39091 28781 24339 50504 62914 52325 77366 85482 45185 57641 18696 24214 343 93190 85696 10258 3301 28766 63244 36904 61555 70345 26049 24520 33074 17058 16746 26501 4205 89965 85237 87896 59665 29958 55104 59489 1329 53636 95457 9741 91351 33855 84843 3249 68086 16367 54444 5763 91497 62496 13500 33034 27984 32873 65734 49336 59494 4044 4945 13247 60703 59340 73726 27618 1083 72419 20665 69918 89562 86006 7288 18328 79975 7733 83608 96911 85329 4932 16860 36022 28128 24851 58383 30504 88422 8948 31832 91624 66653 83879 34580 17956 20288 53284 35811 20843
74346 33683 71840 13716 21915 42065 89333 5582 67550 40614 31723 8639 86761 41629 59451 9587 13960 87251 57778 4114 58652 11740 82175 56362 69271 58207 88747 87397 22056 18576 55051 35961 31703 73571 99053 49124 35652 74944 92727 30982 14314 12883 25140 34477 68663 73318 19865 66847 5533 75143 86369 44449 34401 21703 58844 11164 65009 8108 8929 22729 69667 39440 42045 11223 5352 41959 50771 39288 89475 12695 92042 89820 75776 61992 13654 32473 52539 33962 13355 12759 93691 52795 59888 63958 35762 88113 621 3053 2629 51666 51120 70402 89445 9898 6538 13935 50907 50898 18683 65581
80029 16269 51604 91958 17963 24300 43617 40927 6776 68491 27787 36289 87451 63045 30817 80340 69117 51127 39232 97448 17639 40757 38196 41907 672 38651 12825 71015 53922 89382 53121 51843 95451 23411 36933 86189 4426 79050 3709 7019 30392 8105 63024 37175 10554 30629 85759 14415 29439 4834 23845 39345 68653 2637 56958 25266 70204 71614 78445 25609 78781 51256 34829 18935 15571 30280 86814 36716 90180 8314 93049 10960 3227 81660 21429 85461 37209 44540 28290 66382 9382 80424 40210 79152 83563 88068 57761 56343 59733 80679 68994 24583 25411 1474 43690 85235 75651 8961 76732 54860
33709 90515 38579 66418 70752 97226 90219 45219 66095 30174 88829 55364 64187 9125 56679 54818 82446 60386 5725 18665 55754 33215 66293 89004 82926 95375 78935 74899 76015 17853 17095 85405 80537 21445 58704 74658 33523 94058 70236 71674 44950 159 39098 48889 37628 36869 53812 86554 81912 73443 17036 86654 45683 17172 56189 77312 53009 89108 7745 81290 8415 46053 34451 87620 42741 60555 87917 9152 74642 13256 88484 45881 21337 75725 76970 93906 13160 49780 5464 26502 21980 11799 86420 36592 82917 1436 68513 59915 96402 79438 51216 30310 64205 89301 74508 11278 99048 15253 6061 4572
76901 79713 86019 96566 25183 68773 55111 96881 53997 14092 99229 84629 74914 3994 42869 83548 58955 6915 31349 30575 93018 91507 1333 96864 77366 38738 25719 85117 1549 68658 82621 1650 12098 98536 15492 24051 7959 93076 60893 96837 48817 27032 46478 96916 71051 11750 83004 2870 84806 83611 38888 70201 1025 53261 62051 21201 17052 26766 94198 40083 84177 26319 22994 22570 26655 21909 57568 17028 2168 9946 90857 48400 60589 97763 94722 29750 67593 47056 3636 4566 47766 96942 21175 34657 43789 44343 30849 30570 10707 75181 49388 21011 88147 48464 75117 87032 18134 29281 69495 54784
98829 90747 90595 87440 75530 67682 99915 90506 58343 75318 88675 6973 74046 6332 68060 84592 68407 54050 25286 56932 22571 88791 13778 9056 48138 45704 3916 82624 22872 47270 77225 94842 46263 41488 18215 64990 84650 18621 80924 98905 68685 20568 52932 8711 8164 29040 42155 58653 10170 45384 4639 1761 68650 29252 22667 59664 86009 76761 13970 61704 56188 54943 67100 52803 95557 53819 53734 34875 74632 68571 90428 8019 55527 41116 68531 93430 6221 30234 34594 23058 254 80215 93099 60415 95433 30419 22284 80005 35269 80591 96057 9441 92200 68232 10467 73899 63186 52613 46309 9501
37801 57488 77049 90992 37732 79955 82353 45106 87248 67851 72489 27343 10068 97562 72765 4293 19341 21442 95623 22349 30498 41352 59351 2603 80694 73981 15556 27071 37992 41298 64786 72883 29403 49259 22114 16672 1666 55596 55037 49397 86925 39313 36001 52732 72536 53594 2062 86889 63812 51509 48913 90616 7071 62068 66823 47504 79809 68515 73337 18042 78296 84905 36080 32869 81380 18367 47126 92312 31346 6483 77747 68512 99274 23262 61551 92491 60619 2968 79665 38760 49664 25135 43606 4547 87676 41379 61606 8811 55480 5515 32877 79162 30792 84389 80667 52297 77328 31891 66227 83324
82120 32492 11074 24121 22874 96062 77137 61568 96816 6123 76806 10645 3028 6016 99646 67467 6658 82556 39488 63917 96073 20897 95520 25552 88373 20299 51042 32659 28889 84260 54325 12219 843 21029 113 93593 19154 93327 70178 91195 80106 78847 7154 46699 33429 27949 55624 66289 67791 38517 91520 37521 79821 85071 42966 27108 85442 69093 3161 83028 35443 32893 11960 63692 24038 57254 36571 96417 90788 22755 67400 35376 16112 52802 2870 10645 74600 81837 29677 88237 54708 61266 51754 89868 74708 39234 34412 57033 163 43229 64948 13422 49034 7015 11349 48016 6916 7801 59782 18681
69958 2070 37882 14264 52572 73576 96110 51362 15687 35616 85915 64183 89467 65869 91463 31479 70153 11841 5058 76472 4690 72974 39734 57883 5273 9021 83478 24226 20399 96421 66056 71241 67545 69750 83509 50500 27190 93625 96017 9742 55888 52124 95057 67636 13188 98379 53249 27294 47654 90950 44564 72412 27454 1058 43262 58736 57474 80541 91807 17164 84737 44113 3684 21253 40382 3256 34890 11467 94705 12766 15129 51703 19764 3208 93626 29538 11566 53755 17154 89730 33266 52869 50944 87845 56447 62198 56440 13922 99696 10691 41327 25309 61248 4912 23738 76729 61907 16188 7518 72120
19282 78502 2000 29818 93123 12181 44228 58056 67535 51419 50579 87691 98495 39199 14797 63235 84353 64975 34425 89156 31492 84488 2482 7766 83502 78040 64325 48461 2343 44680 28520 42150 21926 58581 66843 9410 79452 19146 56035 54705 59860 69562 60241 58150 12129 7718 35493 72316 14440 47499 77251 15969 65530 78716 11006 63641 76979 94724 68168 75411 48328 49705 44523 74165 63787 94269 29616 67930 8579 62438 62050 36768 63140 4589 51260 826 91342 3537 64615 88309 9813 58067 82930 66943 42508 48765 5466 18860 27144 57943 70282 75775 83043 48074 87423 49608 60392 22074 46718 85275
70131 36904 10822 28388 19309 15709 71225 113 98274 46566 55443 39259 95633 23378 34725 67982 26022 10527 90068 12895 74477 57100 54574 8587 60354 54272 70511 83199 9047 56357 66504 87532 12723 9627 97831 72035 73205 74543 93097 12556 71885 80427 12173 62875 58847 5393 45464 33929 71620 66645 2772 14368 30702 79939 48444 3871 61154 97174 2280 13416 55702 29665 75753 43744 66508 48330 76405 4060 5924 44007 66840 76284 54356 40053 2612 80924 72741 50245 28232 11075 84821 97718 51405 16519 13519 7985 76412 68355 71284 31594 71572 84209 55500 4048 91700 23340 15820 39437 65822 34724
40220 43270 93261 29372 77325 70655 66462 67874 547 30187 10967 10381 74373 105 2792 93340 18481 38046 58966 51173 69357 53079 67651 74082 14844 98784 26032 60727 37214 34533 80193 70441 16293 28065 40254 15138 39319 65391 90216 43907 22053 81005 35407 72085 23918 5591 63154 29245 64249 81923 24253 36511 33050 95197 69669 38524 53748 18347 59905 21420 44316 67703 84641 10260 5421 57585 67544 55687 97451 41598 20522 29370 13293 69604 73370 9803 68565 86782 15757 62259 94992 92702 947 26804 94174 19414 59559 24240 49662 73927 56476 55796 59047 97281 20395 55027 79726 50893 90780 22988
14249 81084 22550 12619 33475 6845 66845 77285 46947 48710 59319 35932 6356 25418 32221 9774 22902 66710 51663 87003 26730 18005 90544 55588 14527 87594 34666 74154 34661 91026 70960 7841 21613 86429 21353 71649 96883 41478 97477 4531 92934 16069 69830 40750 11720 7749 49858 37897 24549 69721 30152 3085 87262 58923 47301 76440 92735 98565 37266 10783 13226 35325 89294 82035 72297 64205 27366 88762 28437 10530 16340 35276 28055 12887 64271 34846 46881 49916 32506 60987 87606 40502 41994 47245 41413 95447 94269 89819 35258 96924 42337 14860 37209 58509 98480 14837 70913 64729 9181 62099
38321 84356 21269 46289 29859 56565 94 23881 86886 4961 34865 62682 76619 8708 68165 17794 16227 97852 20766 95908 35996 13176 92452 53438 1494 96903 21227 39081 42804 25805 4490 4569 47840 39346 82553 50010 33969 10809 1700 86552 82573 84606 34293 1754 79033 45033 71970 89982 94805 97162 24057 911 16337 25362 47478 58919 20062 6518 23118 84473 5269 59861 57699 12923 86547 1280 29113 14092 38622 76050 37196 60475 40334 81739 6927 8668 97888 26814 24867 94229 91546 20149 26849 99939 7288 52753 91712 4986 45891 60300 69106 22363 93303 53607 29878 2757 10636 89061 463 81952
300 33000 67139 64884 37296 30013 18962 31937 62253 92848 50384 76522 38401 87360 37327 24456 45421 23114 86180 52024 54130 48858 31089 16288 76644 56701 82423 64827 13657 58209 42700 5822 85783 28408 17268 82132 28695 19875 88053 13066 91840 62655 86981 5381 22259 25889 6205 51147 7253 20694 70667 7072 91746 29992 43524 19040 61896 50348 38888 52281 33826 89828 24179 22287 12940 1670 68699 15260 12350 37071 40735 21828 748 3573 3666 11433 89660 50371 63892 53320 76046 86995 27071 96592 48588 96861 74550 65985 60529 50052 22914 39663 24646 73137 35830 78917 85176 82868 48768 16029
58863 20774 53469 60226 21020 82956 56520 50254 56340 93337 37067 95790 67159 61380 78486 43088 48311 92065 76297 82006 79085 10938 68788 58919 97761 42768 15813 84162 73431 50569 61143 13767 96269 94343 81891 31757 97731 26 87197 98964 22844 8894 26354 86811 30504 43053 75818 72194 48970 37213 33808 51532 95299 61431 26158 92420 42439 54065 285 22670 14605 97682 16444 67318 26560 99172 34509 39153 55266 11259 37211 72177 41237 64905 13215 73738 63548 28073 37728 47867 20058 99928 60519 524 34749 99936 54492 25120 24417 46814 29290 90440 54534 65079 57626 48219 42699 43059 11384 30598
64746 18596 55874 99758 47286 65376 13469 2615 8019 41138 83699 25681 47033 517 25933 3384 20518 54402 61042 6567 92065 13730 2689 59363 48540 20967 73885 41204 96420 39787 16349 40015 31543 40650 51219 68167 46244 68489 50153 86542 49875 40671 71020 88970 21238 49777 80358 63521 48351 27710 85750 21845 55152 28860 60487 55995 5799 27127 69463 6429 84608 66350 81738 54392 88469 59176 23107 79615 74563 59676 20233 15954 72793 6676 54351 38949 16613 69500 74537 74802 56365 61740 85308 66440 28047 41499 60341 74561 84024 32967 128 5158 28667 70169 87708 67672 48953 27326 1620 17513
96802 92180 7131 61532 61519 76085 32124 69307 91114 26477 56412 22644 20084 80957 41544 61417 71420 43402 79786 9949 99720 84627 57690 60726 67078 33001 2708 12841 91678 55052 45177 80408 16274 56768 83393 31601 33768 44642 36426 51638 64283 92245 12704 92455 60741 49298 17500 28695 54104 99766 62320 85071 33788 56716 7826 98191 61219 81787 5668 14635 79845 62023 80312 19415 6851 21086 15111 4909 29585 57444 19477 9900 45868 74862 77010 56696 88748 2845 9370 94960 70494 37757 8428 22232 89441 29651 81180 69224 7642 41589 19828 93820 23353 40807 16571 29342 43418 70069 33094 21691
99054 46060 63918 96070 39487 31147 69048 35034 68273 92712 25572 7193 6319 10496 4238 68389 72911 56089 15242 2797 36337 6382 95487 96850 96211 95040 56720 49076 7161 84824 81447 17990 2423 37750 94882 37127 65043 4271 63175 54798 91495 37577 56399 934 13189 29784 54325 22672 41231 24709 67617 18973 54673 7079 26141 76570 23742 74983 66217 24288 79896 39715 24024 80029 3410 28960 39733 73470 80708 94112 14661 29703 66624 65334 45813 49244 62151 29395 38812 39530 41348 37764 99249 54565 13661 28637 46650 33750 87866 52582 17697 5021 83093 5155 45095 92244 14475 64195 67523 99588
24596 99332 16812 44792 29517 20336 57935 44682 10806 55855 50746 1493 24537 41802 72764 25328 41823 1184 16337 90225 96206 338 63234 27898 50038 27396 39070 65202 37236 51220 39765 72726 50864 97671 32584 34293 8589 9187 25385 91850 29188 61802 94380 19678 96383 84403 22249 69054 59677 83805 24793 68154 73424 5027 75798 25398 33374 57145 10002 77430 42156 59938 87409 57727 64502 80570 80266 85372 41074 46893 6012 31101 84702 87697 34451 82856 87618 26146 57199 98295 67773 41 40932 14544 60832 81099 70303 11998 89499 61420 64726 44430 60906 16631 56867 82394 24601 85040 87757 58814
92134 46541 34202 2108 39458 65503 19119 75460 89768 34160 60663 3511 39690 92890 59630 40115 35106 91321 36968 54268 86011 59828 14898 42595 94620 30916 62713 86849 83013 1799 27122 73142 96750 7849 98953 48409 75786 90273 68436 77454 64865 33457 35238 77685 32613 93584 6481 98517 89607 79699 2531 34709 77532 96364 78210 78991 63651 4531 10933 4070 12178 1565 83849 37670 17493 83874 22667 65397 80622 72073 29134 19412 77962 34500 66129 80433 35343 83099 73703 42227 9873 30720 48609 99213 17508 95443 57279 84696 49297 73448 7837 2285 26365 56116 32051 104 87055 12880 81716 97767
58356 20862 1198 12017 15096 33284 5396 46789 51592 20062 33663 95568 94156 88446 69965 34365 49574 12562 22342 87968 587 7804 46806 17427 24482 91679 22597 84647 95878 72613 27505 85123 53186 13949 41308 35520 58742 42408 65226 92141 52989 66695 70577 29070 55823 15929 68630 11379 66475 98491 70499 107 98021 34390 62850 76442 40415 92516 76605 25913 18921 80859 78186 28919 50576 56304 30624 41892 48981 98830 14267 92196 45513 49664 58203 76280 27600 45283 94188 46946 78982 63289 81447 4301 14589 28755 14282 90492 2914 78 62563 63101 15516 30721 82822 67922 81062 56103 35301 35280
92705 89523 69153 72049 52318 69024 56963 69442 91264 20876 91475 8000 25926 78391 71066 63342 96298 55852 4309 7799 83666 56749 36276 49892 63013 43571 1497 63416 61542 92373 42383 51182 42659 9228 70450 58816 18223 7856 12067 25589 90306 81376 90478 79600 9776 71386 61501 19998 96316 62663 34564 47976 35800 12413 49870 66864 71907 32293 20254 24098 67667 48849 67992 28446 43655 14186 80030 7097 30881 15912 8669 94501 8589 98235 36341 59611 92007 28436 23999 37947 63827 52202 53034 83961 8504 55624 22730 57477 70651 99994 69236 45245 78913 87017 99640 91697 80708 55258847 80410 26785
71963 83856 97008 66614 65729 45780 74821 1216 44092 39357 36888 40263 69593 39713 28322 91198 33410 11812 56954 20003 60834 56584 79037 10875 69690 90980 62221 34229 31002 38168 14015 39571 98199 95228 47159 11275 44645 91124 86367 79821 82464 72403 99889 33186 44521 58326 62246 26833 18766 23864 56538 11494 67566 7438 73430 34491 94916 97480 46632 30024 29593 83497 62038 32756 76886 26893 68849 77233 61040 8104 5947 69057 23186 94437 75079 86605 11094 53544 80158 37366 59660 87133 12493 30949 3145 48914 59789 19317 87881 3555 96805 15215 18180 8738 99650 11381 85230 3148 92550 44527
79918 690 80982 96441 68025 35069 53863 69513 71780 37157 66110 43405 52146 69400 10507 13645 40335 68637 94497 60547 3368 92946 37250 31437 12773 12150 29077 81120 93421 15611 25189 60717 65347 64072 5969 85950 44762 95717 8224 97601 27706 75882 73213 39703 30858 4449 7848 72761 31244 30752 68453 42081 77095 47878 17515 99901 47102 49179 17180 85047 64430 37235 79101 33075 31532 83069 52939 37116 72922 8594 56396 94968 51141 38704 90401 85331 22861 61221 48478 44363 21743 59898 45221 88904 68457 67190 13043 75761 33976 23776 88098 46185 53196 20251 95651 81500 89973 87470 1201 86517
29024 13164 27592 73736 71423 25141 54762 65201 82704 82341 39675 44066 46779 99584 77544 36711 28337 16958 8736 10777 21716 40163 26505 32134 28618 55812 54511 33958 9477 394 82015 28244 24880 49433 32267 6502 4087 74594 44098 20887 10126 91391 12101 97408 17792 19837 91132 59678 26125 24094 36112 68658 94391 1787 969 65657 14099 93227 56545 54716 23974 92521 4920 90167 10787 8121 20565 37500 15097 99353 84764 56261 92024 46564 65444 83135 58996 7845 42662 60743 82697 10616 14854 24706 69002 118 44006 77222 1792 12071 45421 90044 72253 75271 31981 17088 88253 17221 25361 2051
43457 53091 2166 27097 52004 92287 49674 9314 62324 93503 39180 98108 72520 84080 54724 90412 86701 15316 10763 8020 91083 52886 27596 95112 27945 50596 9391 59342 25741 198 26131 86031 1884 34160 50998 84525 26935 54284 15731 73378 50765 74997 83982 79375 70802 68697 92518 97243 15186 34777 84270 66431 78187 86314 9889 49617 42404 71141 98948 1389 88642 81490 38696 2871 39305 11219 42682 54892 36624 1671 53476 41776 37808 1079 70090 42614 65351 81562 19382 61641 23422 46221 85318 20933 85983 90945 71894 65812 2961 32492 23731 62641 72515 75611 71994 7475 83887 42262 2756 66706
25955 27107 40963 17967 74655 43310 8911 83998 83935 11844 8943 13933 19179 82802 13834 52269 76714 21939 946 54006 47197 43988 96607 55248 81267 83649 5687 65740 40290 50422 80352 9618 7984 51851 90111 31392 92757 52057 66811 1749 29426 59225 18163 84450 33541 5433 82065 43631 66046 18423 79881 96186 73965 94048 49783 50642 32562 59398 3050 28974 65420 90896 47997 24924 69083 13904 83368 12806 18155 2427 90656 96952 77650 3219 26726 35295 38500 64161 10308 90322 39282 46143 47051 40408 98616 94841 27599 97305 27619 75240 75877 13698 62733 94276 91609 89301 31202 36366 44812 58148
84589 36841 62944 48325 82665 7545 34086 17821 67955 65989 36076 63541 46637 53434 78133 6576 87498 27647 61501 64519 31714 83052 63270 30533 48961 35320 57433 84194 46578 68498 15098 33427 20338 57197 94703 66009 95854 55584 51803 99614 83564 24691 99594 2434 61914 76334 9022 49855 55984 91838 74769 75904 55598 65493 29136 54138 20448 10785 68185 47018 94807 56784 11268 62722 83303 50694 3448 53678 60932 97265 79808 68754 73612 49702 76278 86329 14045 33493 13613 65372 43262 13174 99631 55642 64936 60410 68706 31785 90519 13800 11709 75162 4044 76379 66166 63964 73392 80368 84461 86636
6565 9178 68131 65462 75157 78478 28200 33947 35830 17212 19731 78626 38282 56598 25172 82448 97540 35766 50924 41015 85719 4506 64321 59860 24480 87686 81002 24994 24161 1666 2788 45969 23625 93202 96897 19559 42493 81764 50709 99174 61705 34928 47004 87079 45485 90236 70504 43063 19184 96964 26196 3294 14727 70463 30239 51732 83866 57824 88663 43932 36413 65802 52793 83047 29562 76390 45549 50714 23988 68701 99156 24798 39126 17791 76549 83656 53118 56679 51913 9774 24612 99935 74626 58769 94529 47367 70090 21649 16856 67217 81418 51292 35603 86485 70251 57395 1166 2321 31181 45514
88809 40768 3161 32793 10182 69252 4781 67562 80705 29581 67241 97859 18425 773 16435 45569 91486 18966 54538 33999 32367 70685 40485 14203 87362 33744 53862 56931 79168 15005 43140 45915 85130 52341 9120 13087 37639 84388 94552 37976 84955 75205 50183 97147 79243 58547 73697 81972 24330 4983 96973 45546 21601 96222 55911 73463 51350 40583 14216 40009 24932 23893 96933 86 69555 70137 50178 24650 71123 1271 78328 9185 68893 90137 49919 76892 16971 68924 5757 45754 23559 10595 69114 54532 61194 25900 51939 8458 28500 68550 97837 99250 76529 19137 81131 93163 29294 72155 72 86112
54156 52770 75670 15342 11910 78368 99932 40058 457 75290 47969 97221 95414 43690 65005 37876 47766 66823 82461 72076 89884 23330 27209 4526 64215 64630 75623 97640 28212 78714 21531 30338 34724 61349 34707 42633 12622 348 44996 46578 89399 68551 72796 87995 62019 91259 50958 59988 46385 15289 50255 131 89927 60554 39590 28958 26173 65440 16985 49169 26274 53214 77344 75767 9578 68215 33879 51693 53409 98348 5532 66553 77358 1813 74169 82992 83908 18075 31615 1351 78985 32656 73472 58574 13254 30508 19220 73302 99523 12916 41799 85854 57332 50151 3747 15604 98854 36431 17885 41259
88945 98369 3049 34303 28219 36765 47887 85329 46839 22295 46966 68217 92516 90167 53624 25924 47893 30856 43303 70197 67228 1340 19651 16180 99487 93676 84484 43332 56091 46981 67586 81343 78749 69564 97096 63314 72401 25046 8187 88940 20166 66962 26490 62435 41024 35855 56674 48130 65437 65557 39854 74009 68544 56303 13287 76256 10851 24760 22435 87489 42885 7621 21683 48644 1530 89718 79971 31627 32738 5409 56212 32823 25870 32135 6466 15850 98881 74383 92867 80553 15315 51943 37103 13711 46997 84139 85947 14234 7989 66214 95701 6104 62219 57479 54732 10416 45704 53927 89737 97580
2236 22865 83916 28582 13896 48299 77361 70346 82789 77819 30933 18155 5655 10356 86511 8751 47896 85073 44904 7487 22562 23823 51307 961 60330 46436 60678 28077 57480 8649 76741 65338 58444 9096 42347 8129 76584 80805 26872 68817 29268 35294 79681 65696 37513 13217 57914 4120 55426 42936 18873 69957 54339 1595 69624 83865 32506 93669 52191 81316 3808 30524 73487 60268 8806 41747 10097 70971 82971 18938 33109 76818 3994 38733 93221 15146 43984 7189 87371 86816 12209 50655 83814 66840 29195 62740 12003 69372 91068 38049 10955 89157 58537 62975 38223 80862 15424 91267 68721 64633
27125 29764 35006 31733 81288 51244 8522 86292 92307 58086 85922 20099 75562 35868 3624 38027 88421 29680 32020 60861 53330 22032 78877 59823 53093 63682 19573 46085 33009 90894 66049 96108 51089 31586 65395 52910 78677 99340 9471 68210 25961 86853 15433 81960 41101 42084 12995 30902 18265 19030 93956 47053 24096 15024 76830 28691 10448 62645 29996 87515 54461 10453 54824 76700 73725 8318 3634 20381 90987 79426 1242 89289 1959 98757 44347 66664 18080 2721 76495 64449 60050 83145 35970 47787 28939 86103 89721 5790 40393 63921 15130 10771 72433 70554 15058 23083 70304 76280 25228 35521
18102 68797 18717 67944 91163 34692 40940 30938 66168 93359 99659 97332 84350 44541 46281 66297 51063 14525 31455 19694 40246 71816 8350 1778 14162 64612 97921 6943 5370 40053 18988 95740 27648 13070 31838 32748 60826 6370 26666 2924 83090 34242 51141 95929 56936 88771 61474 32831 3782 6420 83330 33497 74409 75364 45544 19745 94722 55033 66594 71866 35649 10989 55675 39102 40191 24705 58195 55571 37813 63985 71667 94821 74518 2551 23713 71401 72925 66194 58656 81246 30931 8678 80219 59705 26396 86640 66734 86230 9485 29195 61093 81082 19036 6849 73651 77593 35719 41531 81131 51148
83033 31254 6830 51788 37848 40073 40687 75289 34386 42893 59583 34936 75795 12672 10675 78684 94640 76425 34600 78048 36973 97781 79649 64742 43114 24144 67001 35034 44282 66409 94315 8511 84210 81413 13175 99183 87371 50735 42620 57669 9695 63877 81102 48394 25268 14986 38872 13830 76285 15983 38903 34406 62813 88667 14934 88428 23869 86265 1749 77619 34159 73811 37346 83583 18016 17554 9013 98162 10401 13272 68998 33206 33295 29910 91354 41115 44548 26341 93260 12113 68437 59081 18282 50141 16618 1208 74522 441 41262 71098 25018 32482 160 51895 13165 76911 69712 63570 96110 16004
28832 40791 24570 77565 24948 68536 32665 8292 19470 19056 22012 43250 65166 64900 99574 24195 24957 83297 45652 92554 38488 39397 63933 25145 34960 90542 17651 20748 77621 707 71897 86314 47220 69240 87468 35665 43396 47617 63075 25935 88067 99843 9893 17010 6239 20065 90800 70203 38617 59493 73197 38267 72423 44065 74641 45574 26806 33540 9763 43697 45656 30547 83204 71667 22527 83384 36835 64778 56238 79109 33033 33059 95631 68797 50117 85810 96822 83004 62128 63974 2360 39474 60459 97570 13804 87745 50351 51942 2285 64076 84635 19766 29959 6618 26288 528 57845 50241 66671 51239
76414 99992 49545 60735 84954 98831 26458 21641 17460 84069 1222 10031 95220 76904 33614 87667 45592 92523 2440 31506 14397 82606 4111 2675 74799 79541 8776 13788 42496 33301 36274 98284 1119 38246 17231 26209 96687 38032 63054 56372 50997 66160 82617 87449 61959 53657 42834 60915 48061 17848 25309 56590 14430 27190 50311 38833 74319 15815 79582 61120 48584 11176 97145 94233 94422 84463 94328 68319 99299 42217 50136 95255 16827 43134 72639 41427 31410 59603 19300 84755 29189 45021 24573 62873 13501 95423 6228 57545 46210 57252 90758 28145 24511 67517 42673 31229 97444 49495 94638 37599
77463 21491 59609 51322 73423 99262 39792 46299 43418 36227 93622 63103 37292 78275 31127 63581 7246 22221 93252 95450 86181 51093 62135 98930 18310 24646 52455 67026 20845 18113 86987 7199 86189 43642 2836 54645 2858 12062 18538 17464 41998 66499 5415 29926 97311 63854 18055 16590 66271 49342 49061 65385 17324 92030 40993 47992 36229 79258 43566 56978 31057 42788 75019 5750 19115 55467 86784 77222 40951 57238 41135 48159 9540 89635 18794 73763 70861 62096 45361 58734 98815 18597 27328 85706 30065 73772 58525 44082 83015 67402 50991 65134 1773 76613 52785 44172 3864 23004 39117 48248
76752 78349 29889 49857 2624 89395 33839 42410 531 92353 2895 57455 37914 61567 8080 21627 31153 86057 77706 7469 6257 30874 70396 94984 77445 71949 3590 87701 59271 18116 79907 68229 75042 61635 70770 72106 62743 14741 2089 15144 5166 42653 54794 30382 51373 20178 62735 54234 90605 76712 15820 93879 86656 12743 59046 97584 3692 36617 43503 5629 97406 66173 24913 59879 2876 78010 22041 43382 68639 97098 49677 49733 59269 2973 85570 13195 45379 55916 85433 35591 23863 24148 18803 10070 1909 19082 25172 56548 44129 5329 89114 69890 90360 70268 18290 27232 99922 20288 53284 53215
84406 26886 44271 54926 50194 12352 20009 41380 53064 48558 69306 99789 99054 72482 75054 13764 67267 4242 8501 56884 99817 69614 18459 55879 86380 32546 38879 71361 37065 36167 79319 3095 35838 684 81060 4783 45679 56255 91994 78601 56517 91912 41149 59862 19321 84220 85474 34108 63474 8540 77723 4015 91853 90522 81101 10622 3571 53152 42509 43501 17434 67170 27646 41010 54872 94504 30564 58653 72046 47237 15380 94513 74415 2714 72693 48401 54225 91188 32907 65890 9362 29308 57592 98060 20951 80037 42198 94924 4675 20584 65662 60862 9777 85663 41506 14359 80404 50907 50898 11368
44381 42654 65786 20270 9676 90117 82106 231 83494 70489 83975 61744 16967 83312 33313 795 26482 41724 66797 6386 84668 66882 7572 72164 12124 6313 65186 68713 15421 59307 79899 95600 14194 34371 37603 5978 31686 70617 56391 18582 93144 15618 72687 29681 29325 12276 4367 77828 95861 80556 92890 22551 99824 68206 12417 55699 45085 47401 95971 59434 27202 4338 90991 70686 83298 71589 87155 88179 92999 41257 51889 49222 18812 69900 69792 73620 5857 20566 67772 97066 653 9122 37842 87713 21683 71804 14307 71607 17434 43588 2261 82587 9231 79455 58608 75396 69435 75651 8961 49639
82939 47581 31410 7443 11653 25350 44981 3159 9005 46727 56618 20418 10849 54872 86372 4132 70868 85727 25779 47007 26773 48828 66841 91101 6196 41718 39249 31245 66445 64580 85801 40790 11377 56581 32419 66653 94529 82217 84818 1939 54265 12041 44842 80694 12087 5993 67795 89358 209 37763 69753 79131 16375 76669 87540 20198 72854 3143 19990 7585 39411 21946 38468 72270 65295 32123 83407 72699 66699 90253 80680 29260 98802 90110 73438 73286 47384 51902 31536 70837 50908 343 12301 5089 82665 85040 88712 57367 76190 45120 80291 70019 46816 50611 55011 72834 4741 99048 15253 16109
3029 55092 37237 33701 68228 57689 69095 44856 59585 30543 46043 13478 43371 97664 78361 74870 27985 23328 12012 59047 7917 37977 49874 70364 19954 34626 38772 25429 75106 31885 48869 74825 10370 14034 5211 59634 51815 37098 25524 25010 10024 60911 14706 97455 86764 50885 99507 48829 69891 56416 31457 5968 99888 52606 27434 71988 37062 53465 1472 63259 66078 58917 20652 35770 85682 9888 1713 84003 42200 37091 13394 32345 92160 29549 22658 16235 94254 56090 21155 82879 58612 56583 7451 86827 96514 63421 84852 61212 10314 40800 15441 1591 18896 53994 31178 38509 1672 18134 29281 46487
7574 30671 18511 30416 74227 95008 50180 6624 27482 12566 39261 84718 9373 13725 63491 19911 99341 26086 74117 21021 54378 16239 62438 94783 45373 23962 37288 78393 27102 31265 74422 52431 51897 39954 14851 84835 5861 84050 37974 91951 83853 76838 88791 32581 52773 46260 83205 90737 73375 38218 46031 44780 78607 60699 30004 78806 77019 16409 36659 25435 1429 21021 88403 57183 25641 33964 41366 34511 77186 36683 8429 41373 21080 62026 86728 97681 83618 93718 30098 14439 43126 89369 28785 99461 60010 5423 67971 94218 33758 93840 52119 3981 70692 63107 47365 82366 96289 63186 52613 5918
32343 23362 28073 27881 63234 51100 12265 29242 4898 11805 34382 26758 12808 1820 72037 49168 49160 67776 11492 87587 61219 43606 73277 90156 54548 53105 61848 37158 33715 17453 20207 30736 37568 92370 64984 74208 6872 3663 50957 24408 45152 66158 10730 50574 55061 94611 22972 24325 33172 97890 13838 48964 1010 19421 50626 23147 22220 53181 28266 35544 32124 42672 90880 6296 47764 25633 74889 38493 32162 60146 7101 37201 23237 16578 16604 74782 12578 75241 34567 68040 19981 82608 38474 32236 96971 72889 96475 6030 14979 41244 11449 18663 38064 39161 28415 26922 77266 77328 31891 46615
35133 4100 29838 79151 59802 2603 64200 86564 22131 72045 57650 5601 80813 26253 18533 27543 14123 19441 97040 18753 80430 88389 26921 42138 76418 69593 58299 72404 78664 16805 76486 5318 40438 43668 26286 3835 97714 56745 83271 81178 23734 87280 19623 41867 64257 6573 10565 8465 32932 11422 29947 21463 29428 70382 20151 34073 66049 85118 45482 7230 95796 26370 24405 72725 68328 887 63098 55974 64248 74357 33983 53567 24820 56233 27982 90990 25868 75559 99761 16254 2384 40785 72171 60051 62539 5777 80129 91319 7635 37997 66703 67745 381 7082 84284 63399 62915 6916 7801 53850
19041 5851 91886 70606 43282 87078 79015 11649 5277 16092 11763 54694 37710 89204 77529 41694 43624 83030 63720 50018 85502 57389 90537 30936 70792 57025 242 24114 27550 78863 16199 4906 18075 10747 12684 10435 82615 1096 27338 48832 92105 19510 561 54799 80489 64201 46709 86634 15668 61585 67213 88222 2603 26020 99745 71368 51920 78532 71871 77805 90570 17099 540 51516 11161 61878 53200 88794 97871 69255 41046 72283 52380 22762 30138 27463 90709 9110 43634 28169 50933 88498 86278 86414 36067 82054 40672 58090 84003 45789 43776 20330 40066 16524 92797 74539 48878 61907 16188 43902
60380 90017 48375 22338 73645 66776 5757 12484 86824 40658 13478 51617 94610 74246 24248 32477 88082 2320 78263 96849 96327 17857 57248 32521 82851 37692 85774 65341 30041 33205 79829 25605 862 53909 12325 86159 15034 73534 98709 89446 23180 41846 92709 19484 80523 78995 48597 45352 40443 28115 78752 51519 23851 77885 63937 60651 14030 4981 14181 40965 92305 9285 17432 76458 56196 50103 85089 1910 13912 56514 18277 32118 88058 35339 96382 68177 23260 19753 27421 42799 94732 93645 43070 4876 5692 71923 48966 58264 17189 84565 80457 7131 56623 91141 26225 42064 14278 60392 22074 66766
99131 79084 75944 13848 6484 35585 63749 50679 56479 15990 331 48270 42126 50467 80448 84085 41202 95577 30910 11698 7230 49067 20628 73532 78865 25936 88275 92562 83546 55982 60188 98023 51133 45856 83959 65776 19810 45920 83150 93620 85256 81869 80269 57940 67118 99775 93170 15047 82588 85537 32859 69179 65926 14427 59274 47986 70991 44037 37124 60434 90691 12868 41406 53540 81564 78320 96721 25363 95332 12587 87581 47039 5904 74489 16088 63175 39003 14146 62656 54556 3710 40045 35179 24550 31382 14646 3736 98587 19287 50726 95760 92305 64615 44721 64679 21009 39238 15820 39437 12230
71806 69078 25063 21817 72663 58509 54260 49155 21998 80948 12293 79655 37005 10580 68437 71924 30405 25490 3945 16253 51296 62345 79669 72645 21841 75662 82051 89309 43947 54460 54798 92801 85472 82690 16343 44807 9323 10349 47734 17893 4816 23922 62838 31176 94834 33591 80237 76774 33571 27714 11256 15993 56522 91430 22617 51393 5810 59756 9406 28550 37967 49576 3437 72468 45302 87822 79218 91694 1844 58533 30926 91727 9948 22267 52462 81811 37271 19750 86334 83711 23432 91399 4366 2699 83623 47097 19206 29130 85376 29241 42993 6904 25445 10362 39236 79856 52254 79726 50893 90485
49309 90185 36770 35427 12371 5990 61244 3402 82665 7070 63269 82412 6947 4732 772 44216 74136 25146 17419 63349 34814 94477 34304 7169 26001 26860 85730 47473 44843 77175 34246 12879 34856 62786 86783 1584 63068 70912 92623 22433 52880 4414 57155 43843 65886 50956 254 93687 54411 5581 35595 49423 15452 73022 39348 63986 71697 63362 21691 14744 35749 52349 34316 33360 82968 10829 10712 68929 6880 20841 85406 40004 7905 13620 19634 93197 50670 47664 52492 92801 63401 68271 35051 22821 90955 63554 53744 27203 13763 21078 70709 84516 6769 97796 78969 91771 10914 70913 64729 92907
12738 72838 29718 72413 85133 6294 36454 14057 94681 41550 96590 75224 23241 52895 850 32252 20100 9731 80827 11512 95522 9507 24780 84064 26336 77344 92897 12786 87503 48813 87546 82761 19925 39256 29087 44678 45300 64919 17695 58616 66695 41052 92396 28247 15107 20006 67492 80973 60742 89369 22311 50618 58310 61086 88856 49525 6344 89170 61331 76920 3932 75412 73184 20213 57890 58851 31384 78971 7120 37695 21718 97295 77374 81360 507 53368 72287 35509 50778 61326 94550 58229 2905 85335 2391 81952 69856 62582 32952 72415 80956 19107 37983 69509 53020 91388 41740 10636 89061 39732
84912 7163 58167 54935 27364 33972 80219 37991 75840 72156 10813 50830 33757 25299 4594 13074 88538 40494 88091 19779 58420 3927 33417 36147 23995 22697 13846 64837 798 30083 58227 64612 24029 75805 19533 13374 66317 42289 14878 85269 5267 88572 98548 47980 86603 96499 74275 63581 29941 52401 87513 97111 7697 25642 59372 80489 11643 29830 88312 87152 48966 40965 1501 71332 21307 38863 80803 19806 91682 66582 56498 51877 6282 70974 82752 1006 56058 91260 83399 20975 40627 90975 86669 76844 5766 84363 14166 55607 86952 5266 99843 41571 6794 79199 41281 82251 56432 85176 82868 69720
28417 41675 47290 12620 74987 39434 74196 62410 96939 41194 67282 25754 84975 12057 36634 50101 41009 90517 49935 75740 96219 71609 11079 137 41604 14913 66998 73123 76732 1531 33659 46504 44315 64547 92323 69935 3372 73376 25999 11139 98261 50839 95839 54227 46644 72007 1867 22225 44108 62705 38790 57190 78459 18465 91029 71476 97045 40048 40843 27510 43657 24534 1314 87323 95043 72124 7714 66124 19386 63272 89816 39031 2984 52612 33732 28267 66776 97168 95593 97660 6163 16159 84932 87823 58354 5970 81026 33169 43727 15760 16200 98295 60981 99483 89523 55714 38915 42699 43059 36511
13161 13601 37047 37687 94715 63984 58137 92335 92015 91694 25202 79105 32567 36364 74665 32498 27866 26176 88560 41306 3504 11223 73843 71843 28209 83352 58641 8194 24187 9587 70542 55331 91310 32977 374 49720 91089 95666 52738 47631 89383 75358 65693 57147 43523 62538 16049 62720 47229 95602 17166 89656 63172 18980 88855 15077 73625 42682 91700 88465 11082 41444 26409 49867 22666 77357 92067 64143 63884 80537 17679 50608 28875 31346 18397 62741 3820 26629 67179 76897 94998 66603 11600 16581 16739 40045 49467 86870 7238 12319 50625 27260 93411 76721 90189 66478 53978 48953 27326 77178
53292 95398 51847 96541 29955 46292 48998 28576 13436 93044 86528 14430 84739 91654 17567 69684 28538 45372 46943 55084 64603 42315 18364 3670 35298 62560 13248 80292 45208 23946 29200 28233 80849 45644 73674 67413 61346 47341 17630 75530 99852 63774 57181 86879 54394 72361 37941 43659 88532 43023 56740 46380 22832 37178 50386 11423 21817 16096 25393 50884 91846 3193 93457 84445 70632 20128 14439 13371 31691 41550 90949 93182 25730 76443 38656 58187 23604 5406 35694 31745 89811 85760 11513 37068 32205 72695 18156 9451 49826 31396 67482 58173 93422 45250 64384 21167 97656 43418 70069 16729
71965 99230 14878 41328 57 79202 68504 37329 90920 30629 50103 29889 96656 22508 50004 48720 67538 28857 73652 1010 21401 90970 71142 89654 55307 31153 87443 63442 29210 25711 97378 95673 9214 49386 56499 56014 17495 34223 62309 53834 21277 9927 21824 26065 75141 66583 91135 67554 24481 41817 41375 17985 16907 58678 28483 33349 66555 54051 89601 31146 19894 68668 97470 65712 49820 841 32497 16640 62617 75478 73421 55154 64282 46091 32542 58909 22639 97993 1056 59048 41535 82388 98534 84318 44110 70341 44420 83276 8624 66303 88230 43049 34884 87073 62225 12140 74775 14475 64195 31589
73473 49199 50763 58904 64946 63375 19766 65920 5435 139 19324 32328 45111 78098 34036 47002 7672 61095 81056 56081 86834 48524 88613 56563 87597 90159 2426 71181 5064 25293 5264 93881 28344 16544 5950 80011 37161 28906 9742 50525 56150 11498 924 99386 68534 9208 50388 86231 86669 5306 10265 60440 40904 9538 55352 87308 73212 86181 57952 146 92154 14748 27646 2322 31244 17325 52432 87995 13015 43601 94580 31347 82668 68763 93786 78657 92346 96402 1859 40415 43418 964 91211 88172 2647 91729 46618 48105 94644 32960 12731 64804 62895 79506 22376 57472 53463 24601 85040 33091
91277 53126 98367 10129 79227 10201 45589 30942 95028 87372 4239 61758 80217 33183 40432 962 10708 82499 88018 8787 52969 78494 66146 19479 10476 25231 67319 34895 23057 73856 24251 18827 16242 63143 40215 74133 68115 66442 26481 17626 58306 24838 63605 67697 4973 59871 46058 6185 68421 93365 3526 77646 77179 92836 44746 190 75037 53330 69305 73645 16317 14952 67612 98660 66774 38505 79739 77861 49911 77505 56830 88608 70141 70427 63545 86746 31664 90206 66255 97714 86850 99589 1266 7851 30236 56257 84512 7800 23568 38692 67152 50505 9730 33988 91062 5522 35811 87055 12880 93956
92003 38315 2729 80786 42912 80158 40335 98191 73317 71214 76609 59233 12859 93717 54298 12953 81713 20193 36543 74487 54792 63742 60108 10179 78078 13741 25019 37312 38731 84750 55327 19868 92307 77067 55813 96524 22030 82914 34079 89563 55027 69065 51599 21833 23820 1142 71147 77683 92743 64742 32456 37856 11674 98901 12709 67603 48047 68608 71959 30401 11173 77701 12888 41330 4431 27784 94988 52366 65597 97961 12659 91467 18300 35989 39286 91766 57925 72010 28306 58094 96601 56802 80741 54348 26532 2483 75259 34158 90421 46870 21353 88301 12398 75443 77187 86533 18683 81062 56103 32437
43056 97020 35162 70587 56435 4339 76794 27229 31355 13084 1952 83081 74916 26062 62632 45190 86488 52963 71497 61808 46228 83476 14945 54271 92708 82557 33209 54354 13161 77309 93358 34261 64153 24635 71860 4679 76402 62310 88125 57109 12023 88358 40992 92887 38042 53208 31377 90559 45075 68447 44185 65017 45306 99380 58478 45508 62113 97879 76247 83864 9425 91441 47876 67729 15626 83054 68428 52016 3880 69282 49549 63898 94654 62276 49673 50140 86247 65807 27883 7781 27009 15599 31547 6745 60107 68191 12024 19660 68162 74475 56840 23360 39517 77192 76973 10173 76732 80708 34847 37196
11938 85440 45440 44602 9681 69948 75381 5710 52007 60302 41042 3470 62553 92544 78341 30783 22701 11014 69040 11200 88748 67992 44722 75505 65751 55838 51578 1399 97742 24030 8310 37576 29628 25343 67365 14626 3787 15288 94096 74026 95814 28229 22030 43614 26675 65487 17790 15707 96967 74829 36446 74615 67872 88709 85585 98884 42886 64367 76602 40744 19482 5063 42332 38708 98676 12288 63856 65389 97670 68824 88964 12244 17531 64926 48186 78627 9598 72453 8523 63175 21531 55498 52519 13241 2657 77123 43754 15214 61871 36253 54306 51874 6933 35400 63885 13318 6061 85230 44559 81969
13522 64126 63450 68795 64759 40851 36632 45212 30168 7085 52368 94726 79471 94090 49493 40627 60163 63535 32664 56685 44489 62911 25365 64278 81997 52937 3093 55792 26771 25260 85206 21108 74172 75415 47670 4953 86895 53052 28121 74364 93398 52918 85656 94332 35729 36605 43205 1242 1349 64266 76151 74843 60308 43928 51547 97031 99961 72090 46801 75263 36699 71378 22739 47904 6607 52901 98598 58243 8342 75071 66013 34827 99984 76122 40868 67153 44995 8137 17500 71676 60379 3459 15821 85535 32476 28619 65597 39725 46533 70629 9390 13679 38556 40143 9921 37917 69495 89973 82516 89607
35587 86030 45989 26422 66364 40060 69280 5098 70213 73918 22548 23013 83153 78301 30039 12393 61534 90775 6621 785 3456 20936 76074 68709 71196 28131 18201 24463 49666 65821 71626 72072 41789 65211 83867 64695 58858 90205 53584 68892 2631 19769 57711 49040 31031 4047 46279 6111 53910 70240 12707 21392 72400 4986 29008 10146 17067 50548 35964 4185 2416 52720 74033 87153 23793 58213 69109 90835 5504 80852 10408 61842 30733 40481 61564 20447 62654 76117 63709 13145 52398 13329 85748 99765 93416 61404 12007 89058 40742 56119 89595 6955 95188 11913 13784 30897 46309 88253 68082 7736
85436 98751 32195 39528 66249 51400 25058 57421 50982 62916 29647 84317 78893 86246 10247 53623 19191 34113 95053 69205 75124 77537 94484 84723 57533 8097 66147 11783 24201 31169 82789 53885 59489 35792 69708 91766 43573 19161 26404 2002 3223 61997 81372 46138 36122 22188 74017 23858 21965 75925 59281 18505 36108 65014 82350 96091 48141 87176 58807 82403 34150 18961 56801 73183 70561 26926 28529 10199 74086 93508 22989 63313 93343 3500 15018 26202 71059 68 27975 53557 15017 7573 13968 58434 17860 48808 94381 504 43955 7315 78715 18407 86854 15147 56605 89712 66227 83887 85756 55814
73247 28352 37637 73780 49003 18372 7077 94290 58442 7931 5528 58296 78018 64494 41396 34541 53779 68089 96636 91405 22272 96150 80560 5883 50671 55366 73689 76201 12738 88697 60613 92320 72642 8264 60400 60034 50328 61493 45890 42576 2176 49146 45216 1872 39056 55125 72344 73264 71862 23517 16047 88282 98096 34965 22895 12987 65953 33339 61792 27751 24149 4122 19050 15334 889 5579 58364 41374 76714 39243 59308 80600 16490 72206 5833 15620 39230 67116 94688 30011 51416 96407 12496 56757 51402 19147 20352 83049 57065 32878 22420 28684 1821 60247 60870 6491 59782 31202 3286 24647
33773 15068 99573 42958 95913 42942 64334 74562 31498 17428 21373 45415 3165 47035 15352 87778 64764 49193 5692 21054 57897 70128 11735 33427 93563 86140 46983 31738 87235 4641 7058 89221 5342 94575 4590 78449 41064 44729 41761 6756 94477 77623 1173 43894 20471 6981 60585 13809 99464 90550 63303 57472 87899 62197 22326 86864 13330 22550 65469 92825 7122 58943 81704 53206 41295 29518 98761 38162 13832 93368 93879 58161 26671 18864 2045 12499 80793 82308 46270 2224 32551 63626 20488 33804 26328 87531 26489 44807 70744 82895 86680 36429 67821 89720 438 87091 7518 73392 55966 31117
40267 19625 69485 13303 32213 10995 33573 9601 75492 82589 6660 39052 92116 18842 26607 22083 17839 49358 52491 74709 36758 67938 35548 1833 90781 47743 54369 39081 82641 27205 34139 54423 77065 7544 37968 40295 82146 27164 7275 54148 29733 39113 20460 61543 53 25530 58994 77665 10952 97238 8847 62358 28593 48592 48118 53195 61061 67679 49940 88829 2940 40335 89556 42234 51052 93979 4993 19034 63660 59171 36903 4939 8486 33892 91850 93847 92522 37609 10259 44463 67738 67951 76722 14272 24526 99708 40055 37515 13337 12636 84663 96813 6033 55692 67649 44534 46718 1166 26078 68314
80342 56525 23655 53490 16062 99118 47403 67132 66964 44770 82918 29414 17404 42206 36444 29797 48281 11777 59287 3291 26270 80675 46451 71346 76576 29420 53126 6726 85905 42806 71112 41348 57662 76761 83488 42111 78415 25138 66410 97941 87369 60510 29697 27936 48613 99732 75749 36340 69960 851 70724 21279 7262 23636 65293 23990 4533 94023 6826 55801 43594 68214 79432 28788 39340 79671 58606 50499 66418 1569 90223 99924 32068 3642 44936 85778 87571 64911 63766 18155 93971 90509 24183 8679 3112 9495 30813 93008 79464 30004 20062 14574 7505 35270 75963 21247 65822 29294 11155 20257
5871 29263 21491 21402 95789 44560 68969 73059 76053 94848 20571 45582 41625 51503 86772 61169 43042 98958 84942 1579 83889 16168 17956 18087 55629 78122 12629 89292 93599 71925 81688 51818 58055 93464 75048 42199 53013 37671 83861 69126 85351 47190 73139 447 96044 67753 72995 15150 22484 55250 1853 14238 73191 53525 95612 95533 66925 63954 96366 58234 24225 44587 890 79847 26710 88724 34978 18891 54295 61668 11810 78111 45976 23857 5930 16773 31095 61009 72566 82371 9926 35428 81785 64845 79555 8956 71175 50458 75920 91868 51033 45307 37445 5230 95394 78054 90780 98854 6116 65952
1383 54836 58607 71400 7593 86837 58772 38623 46822 94616 94546 52440 51768 35853 91431 7612 7200 98917 88097 37243 99872 67763 93729 85411 32739 61049 43342 96691 35044 54102 54654 19784 84761 17055 92702 94395 86639 31180 76547 84074 82877 96782 43432 36951 45321 47601 47113 24244 14249 7116 32216 8626 72807 48328 16702 794 56461 43331 60853 83452 2734 13489 24206 51448 79085 11859 59819 83740 17109 73060 6502 35846 11451 35040 16226 33590 37360 61022 22082 10449 95939 26698 97386 58015 90023 18766 44069 17074 84706 62967 99158 67248 50727 58464 1616 28887 9181 45704 32795 73792
49537 66024 29961 82866 76272 65885 59538 87096 71569 23050 53350 38494 77137 1394 18445 74197 64977 33392 5027 69396 90563 79845 46269 64806 59790 87668 60756 26368 29986 98308 32090 77043 55942 24840 70367 93001 47613 98941 12324 21685 7812 67301 82578 1476 34179 64657 51511 62169 78996 95823 13282 85778 62126 27496 5246 23516 10698 88578 27763 56013 34090 99947 78597 43185 91227 80552 52713 54707 65906 59027 88326 5452 7207 71496 36012 88183 4607 36103 40245 82633 70396 15482 89338 91480 22189 30633 92345 36373 36829 67896 44477 37962 76226 71079 6907 87675 463 15424 28993 95507
89520 76128 54613 15301 37445 75799 59959 78514 27632 47353 39652 31290 11557 5640 6856 30607 26707 76551 47782 88506 85258 70848 77194 10607 38955 63810 36193 29811 73529 87002 57586 58799 49198 60125 83512 6824 47399 42851 94078 66596 49146 682 19795 40840 36749 13410 21960 51665 506 97298 72430 86472 94301 80027 15693 11098 22732 19505 71458 27508 6507 16363 26789 49950 63285 87204 25719 41093 94200 16573 85612 89363 31186 86046 44853 68703 14616 98011 47109 28113 79792 74082 31867 91756 29646 24714 65279 95647 4080 78198 68438 20094 55844 74611 11021 92733 48768 70304 45958 43928
79002 87641 21829 27175 50706 55096 69589 85959 33471 7188 10098 83089 84899 93310 54039 85634 1283 24541 9052 81027 78752 83731 85042 30304 78078 61479 42306 80936 72337 12846 66719 3370 14210 353 89679 70305 63924 45991 37930 47588 714 29675 96346 28171 24080 36061 36189 59294 45416 61890 30075 60515 73955 45305 81271 30581 81683 45653 71497 73128 10900 92729 2390 29211 36489 32014 46576 25557 44191 48879 59602 47840 45548 71235 79246 81116 20125 89466 3043 93854 40334 87347 64080 42011 44986 54732 75444 98754 59858 72559 71159 51500 3586 26982 70622 47374 11384 35719 93988 38964
37050 9779 49865 49488 44097 41663 74859 9179 32124 41005 5723 33288 41816 36567 69900 95309 54918 17490 65067 39414 26384 72986 88133 25999 99448 87736 52743 33947 31332 21490 88922 60600 59900 59348 37962 32261 89060 51757 16035 89429 61745 45128 46730 90901 64257 73114 26586 91267 52901 84667 24722 82387 98544 17898 18967 83766 32876 64636 74640 64669 79 39681 73140 86602 83401 58373 76072 92361 50284 1744 39933 22799 15645 33180 18585 29194 14976 43126 35960 7692 91240 51170 94524 26187 67298 72656 89424 74202 7208 45969 54709 8247 34569 54448 98779 51616 1620 69712 87050 14225
74565 10151 19912 76181 44220 44422 2594 7296 73907 54137 40873 82193 84887 8436 53018 47481 28567 45346 33788 43030 27704 40090 17382 95550 36354 126 40968 21579 20322 8872 35949 20832 92707 59280 95784 31092 37587 25051 88823 69930 5848 96974 49854 70423 83880 67354 11085 11576 13464 67502 77616 5170 74700 15968 93436 57299 24831 80679 12663 27074 68447 40613 21865 31810 66129 44866 8368 67963 5110 51188 31574 82381 63201 13673 84135 31225 81171 93215 66066 50628 7374 15456 45335 62701 63530 56884 89914 41098 23363 52524 62409 86160 45072 69713 43393 83939 33094 57845 75026 93285
51650 48924 96197 48053 47419 42648 24433 97936 24698 65679 27051 28107 56706 24215 86841 9079 31491 69495 59728 51813 82830 83489 4075 20697 37043 44766 95477 49979 8137 19925 70773 48127 10469 63079 1262 43224 91312 99271 99778 41379 89956 77028 33245 26989 89424 43026 72640 59304 1631 40805 90024 40371 75226 61627 19202 71915 50495 4234 91206 59657 90651 15739 39046 57177 94108 99300 98399 6399 56040 37426 99232 98368 81054 54509 84283 94021 71505 88715 88334 35942 42297 29323 82416 57641 34028 97262 43521 52839 59842 95903 97991 19830 71277 65408 99140 40057 67523 97444 63515 10956
95122 36606 33181 4638 13675 44809 15306 27292 53468 20482 42184 71297 58689 33773 38930 26796 22592 46885 98402 43280 40142 41644 52422 20560 44517 84203 10473 43720 14104 76514 89206 94072 22237 67289 52320 43708 41381 5012 99316 2039 96072 86468 93305 54828 70329 72604 51942 91474 48767 33190 41893 18528 41462 95576 23974 62173 73030 9136 58049 52192 75581 94628 93110 55372 15699 17196 90762 48770 37438 58070 11193 943 64569 60280 37613 22023 47352 8053 6522 29073 60637 35102 56096 9433 57134 77530 14249 51301 16315 27439 71482 13572 96241 75217 83386 39239 87757 3864 33502 94375
19239 74467 12795 11003 70278 34459 61448 31622 39230 68978 23367 45010 947 89355 68025 10306 27389 76561 92013 88490 44401 32987 86334 42246 67003 92889 50418 84103 18307 58079 5044 4190 97491 53283 98453 31085 24151 49881 79949 48969 25109 93901 51937 72849 51421 83009 23923 4281 73165 33390 94849 85173 2044 66688 18199 66964 11536 90954 34192 88374 72948 20271 76742 16151 73428 33493 4414 42156 14150 76235 73528 89293 44892 26824 58803 93495 90476 31884 35713 81161 39227 95000 58667 1082 29631 57060 79062 57968 55544 22894 28365 58676 3116 45564 6560 26764 81716 99922 51887 12967
92455 97895 65432 39009 26359 56887 27387 73882 19189 11308 16828 88317 1275 36173 28913 67994 97126 21453 67955 14358 75317 8944 3948 95696 41602 23960 26106 78043 24094 95799 62258 694 46019 50603 69591 25788 39244 97803 22692 66371 75552 23401 31251 31471 29229 90085 3152 3378 31424 57042 46284 55008 47408 50070 67507 76289 3927 75641 87042 84410 23478 75423 72472 42243 57260 26743 45662 65300 60127 78765 48978 78403 7416 57674 81443 28486 2442 61171 17106 3492 14225 6943 2005 5697 69474 25432 93488 51441 7036 57896 20711 28380 25445 70354 20379 96547 35301 80404 34028 36276
32658 12549 80883 42143 73703 82696 65482 25693 46231 42311 72178 45743 86754 46208 41536 27362 25284 92907 12742 4413 6875 97312 66793 25123 5879 64746 51019 50084 99192 14513 8969 51787 32334 68643 8397 81509 96519 48503 43782 12893 52849 89278 52158 99289 13182 47147 13667 33138 29793 23796 20282 69690 7736 79310 70115 23354 15634 34462 92821 10025 70275 69473 22083 99913 79809 67648 48121 97701 38620 14503 29016 22856 47006 70345 79700 15282 93588 12593 80329 79302 8135 83182 30263 40590 65955 49131 14929 52854 81175 32169 60670 13256 55476 21955 4029 55258 80410 69435 37984 41952
